"node" "level" "X" "Y" "pVAR" "sVAR" "meanBC" "sdBC" "meanSlope" "sdSlope"
"1" 546 69 193.852507695304 210.686723027917 0.00768944414790688 2.15404030066838e-07 0.235278750252231 0.00478144990081226 0.000468806411670416 9.02258125262251e-05
"2" 736 71 -192.728277085648 -209.003112923223 0.0914526542339288 3.95559435219961e-72 0.395022185520151 0.00964724946036983 0.00331447642646484 0.000180120260207097
"3" 625 71 256.8946816015 -121.785108140789 0.0388626269149202 7.00414397747341e-32 0.302175991157704 0.00598511362683489 0.0013404666374718 0.000112938910005357
"4" 628 70 249.732771646197 -137.9479349824 0.013065417795465 1.35421992129792e-11 0.304439726090127 0.0071340019932649 0.000912966004424997 0.000134546483018327
"5" 646 64 190.037600182789 -220.774546804577 0.0360081020226507 1.29794254950681e-29 0.211154640685785 0.00575150645077314 0.00123784468207035 0.0001085240504746
"6" 734 69 -182.11312082539 -220.912881524 0.0154943034255105 2.30674728824664e-07 0.863108658161339 0.0100846956763261 0.000947214890863057 0.000182375374408125
"7" 735 72 -188.747322818356 -211.266036382811 0.0983986539450516 4.33445781388404e-78 0.436516247641906 0.00889582212467296 0.00319460635810134 0.000166355036051116
"8" 542 81 182.884001818851 204.435642388314 0.0167669312041823 1.65654747094186e-14 0.265396669100733 0.00418339585396324 0.00060846805137326 7.89405510614164e-05
"9" 593 78 277.237719491259 5.87680961799687 0.0287926298806499 1.96893828258019e-23 0.509789103736226 0.00910815731122055 0.00171749790778811 0.000170918554924584
"10" 597 71 283.779261906942 -17.1994334659999 0.0211768663100311 5.87651562333685e-18 0.21635931133594 0.00402155202291153 0.000658844145812212 7.5886562948623e-05
"11" 624 83 242.318795733262 -124.213088015641 0.0309963121120458 1.14895407781708e-25 0.299006556248197 0.00539477807384733 0.00107467252698612 0.000101799296282253
"12" 668 90 122.104398725303 -235.530477458719 0.0399207794241987 0.0701434476451907 1 7.63075842192638e-17 2.37476963509662e-18 1.2939962175273e-18
"13" 733 76 -181.907317720339 -211.939184106648 0.0904093531734839 6.90950547218607e-72 0.488439604741507 0.00842821893576505 0.00289795021484751 0.000157803017075803
"14" 769 87 -245.688371410692 -107.805909641177 1.26938276821974e-09 0.999376863586597 0.995367147121908 0.00404286350025228 -5.98721362408179e-08 7.6622429170476e-05
"15" 535 69 150.098635459704 243.799281445075 0.000179735228564744 0.661203981505219 0.959167221627898 0.00903757450338899 7.62074643307961e-05 0.000173841324499378
"16" 541 82 176.236019305558 208.886944300813 0.0159951752039368 6.64804325400563e-14 0.272095789573521 0.00417989101689458 0.00059356886244973 7.88744148937578e-05
"17" 596 72 283.017479271218 -12.6489694033037 0.0182053953484586 1.24236687933946e-15 0.227762472547204 0.00401722698892369 0.000609293259597966 7.58049496903329e-05
"18" 631 69 239.377098963907 -157.055068341088 0.0252423116963173 1.80620056953485e-20 0.4455963578985 0.0102652067904011 0.00181141458381575 0.000194076807003072
"19" 667 108 116.445566195197 -218.169017308783 0.0132837146205773 0.140444082604825 1 3.070687533628e-17 -6.6250482667523e-19 4.47230716663864e-19
"20" 768 88 -243.245451836128 -110.819403359872 0.016899540661333 2.27467031510973e-12 0.686458148195674 0.0107340527024233 0.00148012240616785 0.000210031948508468
"21" 534 80 141.50887756723 236.146834765285 0.000557138102603773 0.399724184938673 0.96269003071727 0.00729456763242255 0.000117350706029949 0.000139305755485462
"22" 540 90 166.473159974273 206.569061110758 0.0160733350487152 5.77531337053639e-14 0.27485516686748 0.00416949451673492 0.000593560929110856 7.8678233255595e-05
"23" 632 81 223.780866420947 -158.627279570351 0.0638079428118871 6.98827689370919e-52 0.150920107308727 0.00461786537467602 0.00134278483687703 8.71389775507394e-05
"24" 666 126 110.790604128736 -200.75839219517 0.0132837146205773 0.140444082604825 1 3.070687533628e-17 -6.6250482667523e-19 4.47230716663864e-19
"25" 713 69 -99.114795937896 -268.596253187175 0.00157400164683778 0.0846506435618851 0.87343584320559 0.00969132854317151 0.000309019445359757 0.000179118384300626
"26" 722 69 -136.62396837196 -251.598054973201 0.0320600456495636 7.43521906071638e-25 0.517880699648349 0.010707005284049 0.00209637538656925 0.000201961766482167
"27" 767 90 -239.748919887767 -113.598175217075 0.016899540661333 2.27467031510973e-12 0.686458148195674 0.0107340527024233 0.00148012240616785 0.000210031948508468
"28" 771 114 -225.013749862164 -87.1464421130755 0.00562152836517258 0.00048755595519887 0.878855925936822 0.00818747263646892 0.000561833130691187 0.00016085341245211
"29" 773 69 -271.629132031681 -90.4726733976385 0.00181907961059254 0.0331114796301171 0.85000544120192 0.00875183772561542 0.000369039591727481 0.000173102569983009
"30" 533 81 137.687957467053 237.239365132667 0.000262818498495972 0.525905572085123 0.966364815740411 0.00646598970131512 7.93315058893118e-05 0.000125046937558527
"31" 536 69 157.820073240646 238.873427744312 0.00222860209509997 0.208655970718214 0.962170853513137 0.00915324686018947 0.000197725441404412 0.000157122613400538
"32" 559 115 198.457492905811 135.494330174882 0.00176975281995 0.0175652270333149 0.772508925408556 0.00822446028980727 0.000366664445757456 0.000154326791248102
"33" 589 69 285.110794366686 26.0676990852103 0.00340958484757784 0.0424473113903402 0.907514600023126 0.0108518800241746 0.0004020688326249 0.000197940360500285
"34" 665 136 99.9584182178147 -195.194274064053 0.000589697760293396 0.517974640410719 0.981578513511798 0.00804835589233327 -9.11608758958235e-05 0.000140942685941131
"35" 717 69 -116.086002326962 -261.709247188067 0.00912414828640435 7.77132579152522e-07 0.723459435977316 0.0107803190407686 0.000986491456039334 0.000199177222902006
"36" 766 115 -220.765924353555 -94.9025639501918 0.0160563811809746 2.14668881315603e-12 0.752127874590477 0.00839603192206298 0.0011421607953777 0.000161923472417092
"37" 772 70 -269.579320180644 -93.3974310724976 0.0122713359241111 1.60198681855842e-10 0.667018075319434 0.00862548538114052 0.00106038163919486 0.000165281553968835
"38" 775 69 -275.656342536701 -77.3386760895817 0.00497727142883575 4.0289534280672e-05 0.517872641328569 0.00977147150935572 0.000760214730485634 0.000184911117273781
"39" 784 69 -284.938169044241 -27.8913933268911 0.0103535789441924 9.16542042826093e-08 0.803053660045718 0.00868321216980133 0.000905750508661249 0.000169079308264333
"40" 807 96 -247.072576734217 78.6869228392777 0.169950502785171 3.9258110498493e-76 0.743078067568219 0.00932914613985386 0.00308615205320042 0.000159391044326812
"41" 558 116 195.723781731202 137.68330060264 0.00155066108686857 0.0256774938811169 0.786638611515284 0.00777645473067259 0.000325144478021657 0.00014566787188037
"42" 571 70 262.321411462356 112.176499715393 0.00138416786142254 0.297835215301029 0.982502785497162 0.00672726520125553 -0.000121094399791633 0.000116237971092325
"43" 620 94 229.689008584805 -124.581898104538 0.0565284934610079 5.37317600528616e-46 0.283120957849011 0.00455526646229843 0.0012419192615598 8.59577380000403e-05
"44" 664 144 88.6200827067839 -191.818067295661 0.000589697760293396 0.517974640410719 0.981578513511798 0.00804835589233327 -9.11608758958235e-05 0.000140942685941131
"45" 715 75 -109.540278236656 -258.009723545133 0.00977569062944464 5.46926397679964e-09 0.413425231831502 0.00793260587187757 0.00087406131510476 0.000149488822457741
"46" 765 173 -169.979422461699 -65.8808465305895 0.0242620370946216 5.92630301729862e-20 0.693264727449096 0.00674282986723493 0.00117882356645282 0.000128094197622298
"47" 774 80 -264.154054286644 -77.5417668352269 0.00479531833202118 5.38575242975084e-05 0.523013449186546 0.00972131053343368 0.000744424726163337 0.00018410956161067
"48" 778 81 -268.525834314184 -55.9854115450738 0.0179724064476918 1.94300175801607e-15 0.232778879535827 0.00663353244570311 0.000998834113348444 0.00012514113352957
"49" 783 70 -283.589058569952 -31.1983310356274 0.010666789423484 7.8834178427007e-09 0.794326705169641 0.00776735480917988 0.000854330465421836 0.000147631693311194
"50" 557 117 192.827951512519 140.015253152953 0.00163314040935901 0.0207168576728935 0.795240788199823 0.00729674430039385 0.000317884689075637 0.000137361045848157
"51" 561 80 233.969270063649 145.080910756321 0.000357576555684184 0.704384922731078 0.994641302281537 0.00608812294001164 -4.1850813191943e-05 0.000110227307460973
"52" 570 100 238.243547209947 91.7502164183928 0.000114771541390802 0.688153935537021 0.968532383474598 0.00635000988740785 -4.65331838670903e-05 0.000115914344553236
"53" 584 69 281.300669402501 53.2693475997693 0.0205438787154394 5.29715587203951e-06 0.917536836406279 0.00943422221441402 0.000838019744705038 0.000183072359231009
"54" 585 90 262.11289746835 40.9990119484148 0.00192185230226204 0.199541507279378 0.947682226604045 0.00933633121471226 0.000246036747550773 0.000191639647935661
"55" 619 99 213.270340466501 -142.145882378993 0.0672350315131697 1.14440591600796e-54 0.265971315688253 0.0037030467544985 0.00110734042206822 6.98763783325368e-05
"56" 663 186 62.4119192705879 -157.376117416086 0.00191883353489829 0.117970412794789 0.959399072291734 0.00695781035426609 0.000212532194676917 0.000135854743069426
"57" 678 182 43.6025413163553 -167.725097676989 3.42154875303445e-05 0.940559760847381 1 2.95381314655047e-17 4.70727814894814e-20 6.30314448938472e-19
"58" 680 182 38.2153212558321 -169.033958781404 0.00505178331013878 0.0732602969473386 0.954476551364468 0.00977744120443591 0.000371868604183431 0.000207263470938741
"59" 694 90 -8.91011390542979 -265.150334471206 0.0047712509937289 0.000893588988826462 0.811159953226113 0.0101256797837318 0.000636663709046461 0.000191398053853494
"60" 695 108 -19.1663101300887 -246.556165114558 0.00417262226203993 0.00986671132939781 0.898715240729049 0.00933953280020076 0.00043635605410957 0.000168896485852995
"61" 764 174 -171.655600032517 -58.344194033997 0.0150354043290292 4.0431740283222e-13 0.622957271510585 0.00642700277034268 0.000882746028613542 0.000121219815772146
"62" 777 82 -266.739966975513 -59.5204168155952 0.0169915859067447 1.11508474725279e-14 0.296325454176879 0.00609440280607764 0.000892185425856783 0.000114984697551465
"63" 842 69 -179.271328747578 223.225179334854 0.0010336110731471 0.293174755082651 0.96357277151619 0.00747502266060202 0.000160044424291943 0.000152176838547412
"64" 581 90 258.955075974753 57.6745925595496 0.00175404040483073 0.358381435505081 0.969014304364439 0.0105981974389373 0.000149324704446074 0.000162426957558107
"65" 583 91 260.438188750048 45.0159953860249 0.0125551289300256 1.09546592586541e-05 0.928914030692852 0.00699850248640006 0.000607784675011678 0.000137755196548026
"66" 586 99 254.759181908059 28.061525859022 0.0456709457914524 2.70803787959387e-37 0.305851337349773 0.00389028603048867 0.000947900448355357 7.34095777100237e-05
"67" 615 154 189.458127373325 -68.0243189763266 0.0251129045112458 4.42283668638184e-19 0.545606645688797 0.0110583219885839 0.00185478283099568 0.000206462678803723
"68" 618 100 224.983290348169 -120.667348790431 0.0674748381492624 7.29940748800114e-55 0.272385222579526 0.00365248290936281 0.001094306815281 6.89222401304315e-05
"69" 679 191 33.3411139578186 -160.881509565431 0.00505178331013878 0.0732602969473386 0.954476551364468 0.00977744120443591 0.000371868604183431 0.000207263470938741
"70" 693 149 -11.4614287239676 -205.98137209856 0.00464994744612413 0.000426122382490878 0.845305869809424 0.00773712788270666 0.000516896151709706 0.000146521072256086
"71" 709 115 -90.6222592897527 -222.557174948868 0.0708117954572808 1.43493421879253e-57 0.458213640141379 0.00610231318100908 0.0018757764575975 0.000115133944671807
"72" 763 176 -165.107140261331 -69.9151073425841 0.0151701167517571 3.07718141252065e-13 0.627917523672131 0.00634482654332069 0.000876232617374526 0.000119712851116947
"73" 776 83 -264.844809880897 -63.2812506130481 0.0169915859067447 1.11508474725279e-14 0.296325454176879 0.00609440280607764 0.000892185425856783 0.000114984697551465
"74" 781 81 -271.670918192367 -37.8867022649915 0.0127031184994093 2.75592715028524e-11 0.590567749707863 0.00746633449437071 0.000940345240480374 0.000140751777712938
"75" 841 80 -174.94615710918 212.565124403629 0.0010336110731471 0.293174755082651 0.96357277151619 0.00747502266060202 0.000160044424291943 0.000152176838547412
"76" 551 90 203.079965874018 170.712089380359 0.0106764852929827 0.186598717836203 0.988885076411923 0.0066859469562307 0.000234396732001226 0.000176731011444861
"77" 568 102 230.638996063387 104.721265724173 0.000146908289296712 0.598469930066526 0.952388537521928 0.00619787510571396 -5.93530154862675e-05 0.000112690353119818
"78" 580 99 249.483888737093 58.7152387427471 0.00123617048649431 0.406303292912046 0.973989666254212 0.00909114539571224 0.000117394108498168 0.000141260721547513
"79" 582 103 249.816281266681 35.3145241237431 0.0409196763993581 1.6345883187342e-33 0.326376577159536 0.00382216679640674 0.000879343394125553 7.21241698585973e-05
"80" 610 155 190.981942175085 -60.3820152283168 0.0270347155796834 3.67670854423917e-21 0.596751485126685 0.00955678180252911 0.00169834956721722 0.000178637578559
"81" 686 80 25.943091441814 -274.07489123676 0.00398244369964596 0.00782551847445055 0.899950434909264 0.00825764451942725 0.000408651797565071 0.000153482095562945
"82" 687 190 -0.264411936956248 -165.299788524752 0.00464994744612413 0.000426122382490878 0.845305869809424 0.00773712788270666 0.000516896151709706 0.000146521072256086
"83" 762 182 -164.635583609691 -54.1111320293383 0.0195330841782052 1.13665690231927e-16 0.459331452542366 0.00491734060230809 0.00077305340111026 9.27900658827514e-05
"84" 780 90 -262.157826288765 -40.7107371039865 0.0122748389071136 5.94430658736916e-11 0.613521491642217 0.00712069599373796 0.000881375314974068 0.000134235965509938
"85" 550 91 200.259683783798 172.483474718053 0.0151656658254537 9.35639688156584e-09 0.810804049674259 0.0103810322352622 0.00115919743351085 0.000201086326407774
"86" 567 115 224.923923582783 84.5772936438999 0.000146908289296712 0.598469930066526 0.952388537521928 0.00619787510571396 -5.93530154862675e-05 0.000112690353119818
"87" 579 108 243.044302538328 45.6810354923957 0.0453124057812796 5.23025860059889e-37 0.327720258637374 0.00379616702381553 0.000921156664253861 7.16335549496886e-05
"88" 609 156 185.714664671959 -72.322564430349 0.0687525072043608 6.63723384863045e-56 0.288028441257775 0.00361546256395378 0.00109417262792169 6.82236673515e-05
"89" 761 200 -151.002318105672 -36.2820882352915 0.0232052967873508 1.51468792122248e-19 0.495845467854763 0.00458260316777786 0.000786709567645592 8.64735807914188e-05
"90" 802 123 -225.124975800283 57.2890501834511 0.212655836813408 2.34298444038693e-157 0.611250077117191 0.00779956118174501 0.00397279263242048 0.000139845743641911
"91" 839 96 -170.513133818487 195.35035499174 0.0190065471378916 3.68748652332963e-14 0.698505028456208 0.00963017570665253 0.00139031734587112 0.000182727993562278
"92" 656 160 106.088381698923 -163.973611500459 0.00554140939807186 0.341981564832174 1.00048201958572 0.00384178594393132 -6.90082147617368e-05 7.24086121698958e-05
"93" 699 157 -40.3082652911831 -194.160072489726 0.0719937255542316 1.55098405645494e-58 0.464463850328561 0.00601386634026247 0.0018651392801942 0.000113465194909732
"94" 746 188 -129.09090142845 -106.418180629018 0.000111902471184769 0.604097025427562 0.825899987292728 0.00999546846213554 9.64270908213615e-05 0.000185942231944794
"95" 836 80 -195.288272364662 194.042728997573 0.000480021146535947 0.401242261449413 0.905849408698726 0.010077543081958 0.000168218462760134 0.000200343929132483
"96" 499 184 63.7692479447369 158.987965005414 0.0238285751237567 4.91822804207019e-20 0.322051550306978 0.00402039799302458 0.000699624974887044 7.58647864401602e-05
"97" 552 148 186.08059746166 91.3635663068791 0.0528596064959367 4.79641185478252e-43 0.415042034746101 0.00360728084080467 0.000949172187141346 6.80692784873884e-05
"98" 653 69 163.129444287505 -235.279566487296 0.0411654953456429 0.065828090410664 1 7.92373274928477e-17 3.91768111037148e-18 2.10083395147637e-18
"99" 745 197 -120.108750504297 -103.115362833559 0.0016256655507411 0.0388645751331836 0.821186960699779 0.00887316811305765 0.000342643761931132 0.000165796281870189
"100" 831 69 -221.494362301561 181.405450493157 0.0078087523282037 0.00282478540425985 0.937206561755506 0.00807014684608743 0.000475802241073964 0.000158987223077841
"101" 832 121 -176.423506994778 154.17923394434 0.00177251632314678 0.183205413346427 0.933156814115447 0.0101133516058476 0.000270417596530379 0.000203035436806052
"102" 835 82 -196.166537690774 190.29340369654 0.000263998127048795 0.516701347461538 0.916855969515658 0.00905593306279664 0.000118587562139826 0.00018284096146436
"103" 837 100 -173.80885277906 186.998857471448 0.0209219678299966 7.22667541976509e-16 0.731849563136671 0.00854145612382488 0.00131441916140682 0.000162071615819028
"104" 498 186 115.14310585915 124.115088418405 0.0598370157239603 1.14903525146819e-48 0.365929663282305 0.0030227703922265 0.000849373708316914 5.70395843052798e-05
"105" 652 99 148.552184404769 -208.858656771922 0.0071819899978177 2.65716789337893e-05 0.779413708186306 0.0103990651218726 0.000798893187234041 0.000189804607398217
"106" 834 123 -162.498549559505 166.004552320281 0.0174051062610407 9.54734181129178e-14 0.764051210874025 0.00749741351001232 0.00106893906874264 0.00014289829578324
"107" 823 180 -148.313417339656 93.4517000221669 5.80429800388851e-05 0.922631063951271 0.996591794662652 0.00599917501199542 -1.17780331822635e-05 0.000121085326218799
"108" 825 136 -180.219381525197 124.953849571254 0.004991079945561 0.000526017894797667 0.806490884561672 0.010039208351754 0.000650624074438868 0.000187399948646803
"109" 829 123 -180.30474026552 146.470101514895 0.00435859361593718 0.00408682917208648 0.943429734217934 0.00559501096881203 0.000311531419255079 0.000108362532009421
"110" 833 181 -125.236151913551 121.228694020376 0.0174051062610407 9.54734181129178e-14 0.764051210874025 0.00749741351001232 0.00106893906874264 0.00014289829578324
"111" 822 182 -144.554049743608 95.5877434754193 0.00444588844098295 0.00106842779906885 0.814955422727791 0.00978304857049946 0.000598229658587067 0.000182618263859468
"112" 821 196 -135.03063402585 84.5175595635426 0.00444588844098295 0.00106842779906885 0.814955422727791 0.00978304857049946 0.000598229658587067 0.000182618263859468
"113" 826 242 -87.9592478806442 71.4147093550859 0.0178734629052848 2.29377574217328e-14 0.79630374536251 0.00649399231297663 0.000948262526930489 0.0001236629153825
"114" 820 247 -88.1047804003987 62.9796607691525 0.0165627395285186 6.62894336402714e-14 0.791521107222233 0.00600957067217274 0.000853042144121707 0.000113331265325143
"115" 493 254 -75.3271228176841 -67.7311934636437 0.0889844793466508 1.40879621217507e-72 0.403117961517307 0.00319445980534195 0.001111992702254 6.02793582487149e-05
