"input" "filtered" "denoisedF" "denoisedR" "merged" "NoChim"
"DNA001.799F.1115R" 25117 20065 20058 20047 19987 19987
"H20.799F.1115R" 5136 25 18 16 16 16
"T04.799F.1115R" 35636 28407 28137 28220 25804 22690
"T11.799F.1115R" 36299 29476 29190 29350 27241 25010
"T12.799F.1115R" 19974 15560 15533 15481 15389 14928
"MET.PL1.16S" 33528 24583 24317 24471 20783 16367
"T05.PL1.16S" 23817 17391 17273 17349 16464 15542
"T101.PL1.16S" 45582 33453 32978 33172 24086 16699
"T107.PL1.16S" 37035 26867 26541 26665 21165 13471
"T110.PL1.16S" 30403 21878 21575 21689 18097 13983
"T111.PL1.16S" 38545 28195 27819 28002 21645 15499
"T118.PL1.16S" 26734 19409 19132 19268 16122 13662
"T119.PL1.16S" 12162 8681 8611 8621 8242 8096
"T121.PL1.16S" 27734 20462 20229 20307 17792 14801
"T122.PL1.16S" 36876 26469 26133 26275 19637 13622
"T123.PL1.16S" 35475 26450 26189 26283 22587 17357
"T130.PL1.16S" 40353 29696 29312 29475 25279 18335
"T133.PL1.16S" 49436 36455 36043 36192 29946 18390
"T136.PL1.16S" 29328 21576 21396 21470 18680 17363
"T138.PL1.16S" 45222 33487 33206 33279 29702 19727
"T139.PL1.16S" 38567 28565 28230 28418 22007 15564
"T142.PL1.16S" 39525 27514 27174 27296 20383 14589
"T146.PL1.16S" 37327 27186 26890 27047 21205 13974
"T152.PL1.16S" 35616 26391 26095 26255 21431 17361
"T15.PL1.16S" 29333 21717 21523 21614 18570 15371
"T160.PL1.16S" 24211 17205 17081 17112 14698 12192
"T162.PL1.16S" 55181 41039 40490 40681 33474 21529
"T163.PL1.16S" 30971 22401 22141 22278 18000 13352
"T168.PL1.16S" 43812 31515 31168 31320 23510 15147
"T17.PL1.16S" 27632 20309 20077 20194 16557 12354
"T20.PL1.16S" 21566 15919 15751 15827 14664 13610
"T39.PL1.16S" 21059 15313 15156 15213 12938 11178
"T41.PL1.16S" 15350 11369 11266 11295 10878 10333
"T46.PL1.16S" 1545 1114 1093 1098 1078 1077
"T49.PL1.16S" 20183 14468 14331 14369 12890 11792
"T51.PL1.16S" 31268 22473 22236 22318 18222 13165
"T54.PL1.16S" 47376 34273 33776 34123 25216 16933
"T56.PL1.16S" 43270 32693 32321 32541 27476 21264
"T57.PL1.16S" 46003 33251 32844 33010 25475 17275
"T61.PL1.16S" 34481 25553 25230 25344 20128 15025
"T62.PL1.16S" 23289 17113 16903 16985 14987 13207
"T66.PL1.16S" 22676 16239 16124 16141 14913 13483
"T70.PL1.16S" 26440 19232 18925 18962 16104 14662
"T74.PL1.16S" 35212 25604 25406 25458 21097 16209
"T76.PL1.16S" 20116 14720 14617 14647 13650 12921
"T77.PL1.16S" 39456 29231 28880 28988 23696 17359
"T81.PL1.16S" 14383 10297 10227 10216 9882 9518
"T83.PL1.16S" 48766 36005 35458 35793 27930 17054
"T86.PL1.16S" 15091 11066 10982 11035 10558 9967
"T89.PL1.16S" 34155 25431 25247 25359 22622 18421
"T91.PL1.16S" 35233 26011 25749 25906 22060 17672
"T95.PL1.16S" 14083 10244 10198 10227 9943 9760
"T98.PL1.16S" 28975 21710 21445 21488 17419 15262
"AA10BEPAAbitibi1" 67720 55988 55944 55954 55195 50762
"AA11BEPAAbitibi2" 48391 41546 41441 41487 39715 35191
"AA13PispAbitibi1" 79072 67273 66985 67170 60920 45724
"AA14PispAbitibi2" 75271 62478 62319 62354 54072 37257
"AA15PispAbitibi3" 63230 51262 51154 51148 43507 30002
"AA16ACSAAbitibiRegen" 87997 73181 73004 72976 68820 56074
"AA1ASCAAbitibi1" 137739 118939 118898 118883 118128 116723
"AA9ACRUAbitibi3" 295 73 69 66 56 44
"AB10PispBic1" 125744 102149 101897 101959 89498 75860
"AB11PispBic2" 66539 53366 53197 53238 44717 34830
"AB12PispBic3" 97594 78163 77880 77857 66186 51616
"AB13BEPABic1" 92337 75722 75642 75461 74947 73362
"AB14BEPABic2" 57908 48995 48935 48921 45543 32759
"AB15BEPABic3" 62803 52335 52233 52231 50119 36780
"AB16QURUBic1" 144817 114486 114397 114435 113533 110503
"AB1ACRUBic1" 82539 65295 65205 65143 62942 53198
"AB2ACRUBic2" 382 96 89 78 67 48
"AB3ACRUBic3" 67499 48242 48160 48115 46764 39481
"AB5ABBABic2" 50388 39980 39933 39915 39625 38918
"AB6ABBABic3" 44451 35150 35084 35080 31705 23389
"AB7ACSABic1" 60679 52951 52870 52828 50744 46017
"AB8ACSABic2" 46081 39644 39580 39566 39304 38659
"AG10BEPAGatineau1" 70305 60745 60612 60682 57752 37949
"AG11BEPAGatineau2" 44391 38158 37970 38042 32297 19833
"AG12BEPAGatineau3" 45613 39257 39146 39091 34749 19717
"AG15PispGatineau3" 34272 29511 29390 29398 22833 18939
"AG1ABBAGatineau1" 23537 18763 18723 18733 15710 10711
"AG2ABBAGatineau2" 14941 11671 11617 11640 9892 6566
"AG4ACSAGatineau1" 99547 87592 87094 87185 71942 47104
"AG5ACSAGatineau2" 77921 68142 67960 67924 60012 42028
"AG6ACSAGatineau3" 54960 46925 46831 46846 40768 25049
"AG7ACRUGatineau1" 50375 44600 44472 44385 36342 24617
"AG8ACRUGatineau2" 130725 108513 107936 108066 95143 57132
"AG9ACRUGatineau3" 52416 41818 41680 41705 38329 25970
"AS10ACSASutton5" 124530 107215 106841 106858 91228 62934
"AS11ACSASutton6" 44744 37779 37672 37669 32390 22445
"AS12BEPASutton1" 44842 35220 35185 35179 32950 21109
"AS13BEPASutton2" 26456 21180 21147 21140 19636 12492
"AS14BEPASutton3" 45157 39203 39124 39138 37563 23626
"AS15PispSutton1" 40493 34937 34884 34878 32908 28834
"AS16PispSutton2" 59136 46491 46355 46311 39541 22697
"AS17PispSutton3" 42566 34551 34495 34469 30912 21855
"AS18ABBASutton1" 46953 38692 38602 38635 34070 20363
"AS19ABBASutton2" 34518 27656 27608 27601 24076 16198
"AS72ACRUSutton1" 98679 82677 82517 82495 77428 54608
"AS8ACRUSutton3" 91226 79885 79822 79800 75884 63981
"AS9ACSASutton4" 99291 76578 76507 76468 70428 54220
"BA17ACSAAbitibi1" 36177 30637 30576 30552 29881 29544
"BA18ACSAAbitibi2" 53019 43896 43771 43744 37197 30486
"BA19ACSAAbitibi3" 85405 70817 70774 70751 68658 64296
"BA20ABBAAbitibi1" 107578 83571 83551 83530 83055 81810
"BA27BEPAAbitibi2" 111765 93984 93943 93933 93434 91729
"BA29PispAbitibi1" 102678 76560 76535 76502 75477 73665
"BA30PispAbitibi2" 80786 69313 69230 69264 64237 57581
"BA31PispAbitibi3" 45202 35648 35606 35605 32426 25896
"BB17ACRUBic1" 51015 45086 45056 45039 44913 43411
"BB18ACRUBic2" 49968 43789 43724 43647 43327 41403
"BB21ABBABic2" 93557 75415 75139 75268 64872 43885
"BB22ABBABic3" 41913 34756 34673 34697 30306 19160
"BB23ACSABic1" 26436 23621 23574 23522 22734 19802
"BB24ACSABic2" 32483 27674 27546 27463 24362 19073
"BB25ACSABic3" 50140 42043 41920 41828 38689 33065
"BB26PispBic1" 35087 28923 28751 28817 22202 16962
"BB27PispBic2" 135476 112200 111809 111883 94519 69684
"BB28PispBic3" 103471 84453 84291 84300 72970 56769
"BB30BEPABic2" 77064 65802 65643 65666 59348 46197
"BB31BEPABic3" 82067 70210 70103 70046 65993 52787
"BG16ABBAGatineau1" 65579 55185 55095 55095 50212 38291
"BG17ABBAGatineau2" 55365 45971 45892 45897 41813 27910
"BG20ACSAGatineau2" 50922 44423 44337 44321 40085 27938
"BG22ACRUGatineau1" 46161 40420 40320 40359 35673 27287
"BG24ACRUGatineau3" 29310 25390 25356 25347 24029 17896
"BG25BEPAGatineau1" 56521 40765 40677 40700 39063 26551
"BG26BEPAGatineau2" 27040 22443 22396 22398 20628 13948
"BG27BEPAGatineau3" 41559 36025 35991 35942 34194 25045
"BG28PispGatineau1" 46578 36025 35920 35906 29254 19438
"BG29PispGatineau2" 34778 23180 23042 23066 17425 13355
"BG30PispGatineau3" 29128 24174 24067 24020 17079 10864
"BS21ACSASutton1" 21432 18327 18284 18276 17330 14924
"BS22ACSASutton2" 36736 32888 32845 32844 29129 17695
"BS23ACSASutton3" 20499 17884 17810 17789 15080 10528
"BS24ACRUSutton1" 39228 31989 31889 31820 29533 25820
"BS25ACRUSutton2" 33163 28977 28906 28898 27412 19881
"BS26ACRUSutton3" 21534 17065 17017 17002 14928 10438
"BS27BEPASutton1" 24439 20721 20673 20655 19081 13300
"BS28BEPASutton2" 20040 16893 16854 16846 16054 12006
"BS29BEPASutton3" 15244 12027 11987 11998 10897 6754
"BS30PispSutton1" 17656 14944 14864 14880 11648 8782
"BS31PispSutton2" 15336 12052 12007 12002 10314 8199
"BS32PispSutton3" 14042 11106 11064 11050 9709 6041
"BS33ABBASutton1" 20638 15967 15929 15935 13318 8437
"BS34ABBASutton2" 152739 121539 121028 121152 110070 80370
"BS35ABBASutton3" 145338 116428 116134 115947 102391 69850
"CA32ACSAAbitibi1" 86454 73768 73688 73704 73140 71978
"CA33ACSAAbitibi2" 64637 54257 54225 54241 53836 52809
"CA34ACSAAbitibi3" 58610 49897 49858 49829 49478 48776
"CA35ABBAAbitibi1" 56010 44150 44127 44115 42139 38607
"CA36ABBAAbitibi2" 41865 33201 33164 33153 32653 31797
"CA37ABBAAbitibi3" 131805 102885 102765 102804 94498 78262
"CA38ACRUAbitibi1" 161156 141387 141324 141314 141010 137470
"CA39ACRUAbitibi2" 97838 85317 85281 85288 84906 82396
"CA43BEPAAbitibi3" 84055 71874 71649 71691 67669 56884
"CA44PispAbitibi1" 65899 52867 52730 52764 46028 36878
"CA45PispAbitibi2" 64185 51350 51292 51303 47638 41976
"CB32ACRUBic1" 123206 107805 107689 107705 106810 104646
"CB35ABBABic1" 85616 69516 69253 69313 58774 39646
"CB36ABBABic2" 40634 33540 33438 33438 27726 17050
"CB37ABBABic3" 28174 22076 22039 22026 19467 14451
"CB38ACSABic1" 35950 30570 30437 30363 25285 20806
"CB39ACSABic2" 38269 32954 32894 32846 31164 28004
"CB40ACSABic3" 64377 44431 44326 44216 40483 30432
"CB41PispBic1" 40799 33948 33904 33891 28071 20640
"CB42PispBic2" 15435 12546 12518 12501 10830 7470
"CB43PispBic3" 28235 23130 23001 23033 18811 14732
"CB45BEPABic2" 22068 19180 19159 19149 18305 15787
"CB46BEPABic3" 15659 13150 13121 13121 11473 7827
"CG31ABBAGatineau1" 30336 22916 22872 22851 20414 16410
"CG32ABBAGatineau2" 33644 27223 27157 27182 23150 14616
"CG33ABBAGatineau3" 31470 26105 26061 26028 21511 16598
"CG34ACSAGatineau1" 38623 18715 18662 18656 16821 13745
"CG35ACSAGatineau2" 85054 73388 73207 73207 65687 47313
"CG36ACSAGatineau3" 104719 85609 85261 85424 73739 53081
"CG37ACRUGatineau1" 89319 67319 67252 67210 65528 59557
"CG38ACRUGatineau2" 76702 62807 62688 62657 57248 41726
"CG39ACRUGatineau3" 103802 86683 86475 86459 78902 63672
"CG40BEPAGatineau1" 59777 51569 51520 51500 50026 43107
"CG41BEPAGatineau2" 77485 61214 61071 61099 55504 36967
"CG42BEPAGatineau3" 70170 59831 59744 59739 58097 52754
"CG43PispGatineau1" 61002 45693 45570 45577 39497 32030
"CG44PispGatineau2" 46401 37978 37758 37773 26019 17949
"CG45PispGatineau3" 69360 57816 57670 57635 51933 46700
"CG46ABBAGatineautop" 65164 52223 52171 52104 50311 48267
"CG47ABBAGatineauN" 45964 37569 37412 37435 27632 19679
"CG48ABBAGatineauS" 45387 36793 36733 36728 32953 28162
"CG49ABBAGatineauE" 57643 45494 45429 45396 44009 42284
"CG50ABBAGatineauO" 40257 31002 30968 30964 29303 26537
"CG51ACSAGatineautop" 48051 38307 38260 38250 36920 33849
"CG52ACSAGatineauN" 22121 19053 19007 19013 16921 11502
"CG53ACSAGatineauS" 26563 23403 23351 23348 21177 16643
"CG54ACSAGatineauE" 33193 25731 25666 25673 22892 15383
"CG55ACSAGatineauO" 44055 38017 37886 37859 30700 19386
"CG56ACRUGatineautop" 32144 27210 27178 27136 24978 18151
"CG57ACRUGatineauN" 28481 24107 24054 24075 21818 16074
"CG58ACRUGatineauS" 28130 24655 24632 24615 23593 21484
"CG59ACRUGatineauE" 26868 23548 23498 23506 21340 14856
"CG60ACRUGatineauO" 24525 21089 21028 20985 18541 10708
"CG61BEPAGatineautop" 38228 32841 32749 32785 29949 19021
"CG62BEPAGatineauN" 26831 22871 22795 22789 20553 11885
"CG63BEPAGatineauS" 25335 22369 22299 22290 20710 14400
"CG64BEPAGatineauE" 16406 14200 14181 14156 12889 7888
"CG65BEPAGatineauO" 22431 19195 19159 19158 17465 11349
"CG66PispGatineautop" 29936 25400 25318 25299 19542 14981
"CG67PispGatineauN" 158905 134458 133492 133803 100146 72869
"CG68PispGatineauS" 108743 91248 90787 90718 68256 50572
"CG69PispGatineauE" 87936 74664 74112 74403 54356 39939
"CG70PispGatineauO" 62417 51447 51052 51225 36377 25961
"CS36ACSASutton1" 143068 124233 124065 124002 117190 94646
"CS37ACSASutton2" 130188 112104 111742 111652 104195 88425
"CS38ACSASutton3" 130346 113903 113632 113696 110707 104193
"CS39ACRUSutton1" 148099 129790 129453 129315 125956 119601
"CS40ACRUSutton2" 117636 103586 103485 103435 102464 99092
"CS41ACRUSutton3" 152684 128382 128193 128134 122539 114214
"CS42BEPASutton1" 107820 94302 94240 94256 93813 92058
"CS43BEPASutton2" 82198 70686 70618 70647 68999 61812
"CS44BEPASutton3" 107019 90087 89921 89977 85970 73465
"CS45PispSutton1" 58160 48922 48865 48801 43546 36323
"CS46PispSutton2" 110107 91597 91404 91430 84469 72226
"CS47PispSutton3" 122999 98557 98291 98322 84849 62973
"CS48ABBASutton1" 80891 67122 67085 67066 63853 59559
"CS49ABBASutton2" 67371 55758 55584 55637 47489 38035
"CS50ABBASutton3" 53682 44340 44196 44199 36690 30116
