1 0.135 0.68 0.39 0.35 0.35 0.16 0.715 0.95 0.88 0.31 0.005 0.04 0.115 0.305 0.32 0 0 0 0.16 0.45 0 0 0 0 0 0 0 0 0 0 0 0 0 0 0 0 0 0 0 0 0 0 0 0 0 0 0 0 0 "0"
2 0.135 0.68 0.39 0.35 0.35 0.16 0.715 0.95 0.88 0.31 0.005 0.04 0.115 0.305 0.32 0 0 0 0.16 0.45 0 0 0 0 0 0 0 0 0 0 0 0 0 0 0 0 0 0 0 0 0 0 0 0 0 0 0 0 0 "0"
3 0.68 0.39 0.35 0.35 0.16 0.715 0.95 0.88 0.31 0.005 0.04 0.115 0.305 0.32 0 0 0 0.16 0.45 0 0 0 0 0 0 0 0 0 0 0 0 0 0 0 0 0 0 0 0 0 0 0 0 0 0 0 0 0 0 "0"
4 0.39 0.35 0.35 0.16 0.715 0.95 0.88 0.31 0.005 0.04 0.115 0.305 0.32 0 0 0 0.16 0.45 0 0 0 0 0 0 0 0 0 0 0 0 0 0 0 0 0 0 0 0 0 0 0 0 0 0 0 0 0 0 0 "0"
5 0.35 0.35 0.16 0.715 0.95 0.88 0.31 0.005 0.04 0.115 0.305 0.32 0 0 0 0.16 0.45 0 0 0 0 0 0 0 0 0 0 0 0 0 0 0 0 0 0 0 0 0 0 0 0 0 0 0 0 0 0 0 0 "0"
6 0.35 0.16 0.715 0.95 0.88 0.31 0.005 0.04 0.115 0.305 0.32 0 0 0 0.16 0.45 0 0 0 0 0 0 0 0 0 0 0 0 0 0 0 0 0 0 0 0 0 0 0 0 0 0 0 0 0 0 0 0 0 "0"
7 0.16 0.715 0.95 0.88 0.31 0.005 0.04 0.115 0.305 0.32 0 0 0 0.16 0.45 0 0 0 0 0 0 0 0 0 0 0 0 0 0 0 0 0 0 0 0 0 0 0 0 0 0 0 0 0 0 0 0 0 0 "0"
8 0.715 0.95 0.88 0.31 0.005 0.04 0.115 0.305 0.32 0 0 0 0.16 0.45 0 0 0 0 0 0 0 0 0 0 0 0 0 0 0 0 0 0 0 0 0 0 0 0 0 0 0 0 0 0 0 0 0 0 0 "0"
9 0.95 0.88 0.31 0.005 0.04 0.115 0.305 0.32 0 0 0 0.16 0.45 0 0 0 0 0 0 0 0 0 0 0 0 0 0 0 0 0 0 0 0 0 0 0 0 0 0 0 0 0 0 0 0 0 0 0 0 "0"
10 0.76 0.88 0.31 0.005 0.04 0.115 0.305 0.32 0 0 0 0.16 0.45 0 0 0 0 0 0 0 0 0 0 0 0 0 0 0 0 0 0 0 0 0 0 0 0 0 0 0 0 0 0 0 0 0 0 0 0 "0"
11 0.05 0.76 0.88 0.31 0.005 0.04 0.115 0.305 0.32 0 0 0 0.16 0.45 0 0 0 0 0 0 0 0 0 0 0 0 0 0 0 0 0 0 0 0 0 0 0 0 0 0 0 0 0 0 0 0 0 0 0 "0"
12 0.17 0.01 0.05 0.76 0.88 0.31 0.005 0.04 0.115 0.305 0.32 0 0 0 0.16 0.45 0 0 0 0 0 0 0 0 0 0 0 0 0 0 0 0 0 0 0 0 0 0 0 0 0 0 0 0 0 0 0 0 0 "0"
13 0.17 0.01 0.05 0.76 0.88 0.31 0.005 0.04 0.115 0.305 0.32 0 0 0 0.16 0.45 0 0 0 0 0 0 0 0 0 0 0 0 0 0 0 0 0 0 0 0 0 0 0 0 0 0 0 0 0 0 0 0 0 "0"
14 0.5 0.01 0.05 0.76 0.88 0.31 0.005 0.04 0.115 0.305 0.32 0 0 0 0.16 0.45 0 0 0 0 0 0 0 0 0 0 0 0 0 0 0 0 0 0 0 0 0 0 0 0 0 0 0 0 0 0 0 0 0 "0"
15 0.14 0.5 0.01 0.05 0.76 0.88 0.31 0.005 0.04 0.115 0.305 0.32 0 0 0 0.16 0.45 0 0 0 0 0 0 0 0 0 0 0 0 0 0 0 0 0 0 0 0 0 0 0 0 0 0 0 0 0 0 0 0 "0"
16 0.135 0.14 0.5 0.01 0.05 0.76 0.88 0.31 0.005 0.04 0.115 0.305 0.32 0 0 0 0.16 0.45 0 0 0 0 0 0 0 0 0 0 0 0 0 0 0 0 0 0 0 0 0 0 0 0 0 0 0 0 0 0 0 "0"
17 0.135 0.14 0.5 0.01 0.05 0.76 0.88 0.31 0.005 0.04 0.115 0.305 0.32 0 0 0 0.16 0.45 0 0 0 0 0 0 0 0 0 0 0 0 0 0 0 0 0 0 0 0 0 0 0 0 0 0 0 0 0 0 0 "0"
18 0.935 0.98 0.31 0.005 0.04 0.115 0.305 0.32 0 0 0 0.16 0.45 0 0 0 0 0 0 0 0 0 0 0 0 0 0 0 0 0 0 0 0 0 0 0 0 0 0 0 0 0 0 0 0 0 0 0 0 "0"
19 0.935 0.98 0.31 0.005 0.04 0.115 0.305 0.32 0 0 0 0.16 0.45 0 0 0 0 0 0 0 0 0 0 0 0 0 0 0 0 0 0 0 0 0 0 0 0 0 0 0 0 0 0 0 0 0 0 0 0 "0"
20 0.605 0.98 0.31 0.005 0.04 0.115 0.305 0.32 0 0 0 0.16 0.45 0 0 0 0 0 0 0 0 0 0 0 0 0 0 0 0 0 0 0 0 0 0 0 0 0 0 0 0 0 0 0 0 0 0 0 0 "0"
21 0.99 0.415 0.605 0.98 0.31 0.005 0.04 0.115 0.305 0.32 0 0 0 0.16 0.45 0 0 0 0 0 0 0 0 0 0 0 0 0 0 0 0 0 0 0 0 0 0 0 0 0 0 0 0 0 0 0 0 0 0 "0"
22 0.99 0.415 0.605 0.98 0.31 0.005 0.04 0.115 0.305 0.32 0 0 0 0.16 0.45 0 0 0 0 0 0 0 0 0 0 0 0 0 0 0 0 0 0 0 0 0 0 0 0 0 0 0 0 0 0 0 0 0 0 "0"
23 0.345 0.415 0.605 0.98 0.31 0.005 0.04 0.115 0.305 0.32 0 0 0 0.16 0.45 0 0 0 0 0 0 0 0 0 0 0 0 0 0 0 0 0 0 0 0 0 0 0 0 0 0 0 0 0 0 0 0 0 0 "0"
24 0.2 0.345 0.415 0.605 0.98 0.31 0.005 0.04 0.115 0.305 0.32 0 0 0 0.16 0.45 0 0 0 0 0 0 0 0 0 0 0 0 0 0 0 0 0 0 0 0 0 0 0 0 0 0 0 0 0 0 0 0 0 "0"
25 0.065 0.2 0.345 0.415 0.605 0.98 0.31 0.005 0.04 0.115 0.305 0.32 0 0 0 0.16 0.45 0 0 0 0 0 0 0 0 0 0 0 0 0 0 0 0 0 0 0 0 0 0 0 0 0 0 0 0 0 0 0 0 "0"
26 0.895 0.065 0.2 0.345 0.415 0.605 0.98 0.31 0.005 0.04 0.115 0.305 0.32 0 0 0 0.16 0.45 0 0 0 0 0 0 0 0 0 0 0 0 0 0 0 0 0 0 0 0 0 0 0 0 0 0 0 0 0 0 0 "0"
27 0.895 0.065 0.2 0.345 0.415 0.605 0.98 0.31 0.005 0.04 0.115 0.305 0.32 0 0 0 0.16 0.45 0 0 0 0 0 0 0 0 0 0 0 0 0 0 0 0 0 0 0 0 0 0 0 0 0 0 0 0 0 0 0 "0"
28 0.97 0.01 0.005 0.04 0.115 0.305 0.32 0 0 0 0.16 0.45 0 0 0 0 0 0 0 0 0 0 0 0 0 0 0 0 0 0 0 0 0 0 0 0 0 0 0 0 0 0 0 0 0 0 0 0 0 "0"
29 0.97 0.01 0.005 0.04 0.115 0.305 0.32 0 0 0 0.16 0.45 0 0 0 0 0 0 0 0 0 0 0 0 0 0 0 0 0 0 0 0 0 0 0 0 0 0 0 0 0 0 0 0 0 0 0 0 0 "0"
30 0.83 0.65 0.995 0.07 0.015 0.01 0.005 0.04 0.115 0.305 0.32 0 0 0 0.16 0.45 0 0 0 0 0 0 0 0 0 0 0 0 0 0 0 0 0 0 0 0 0 0 0 0 0 0 0 0 0 0 0 0 0 "0"
31 0.83 0.65 0.995 0.07 0.015 0.01 0.005 0.04 0.115 0.305 0.32 0 0 0 0.16 0.45 0 0 0 0 0 0 0 0 0 0 0 0 0 0 0 0 0 0 0 0 0 0 0 0 0 0 0 0 0 0 0 0 0 "0"
32 0.65 0.995 0.07 0.015 0.01 0.005 0.04 0.115 0.305 0.32 0 0 0 0.16 0.45 0 0 0 0 0 0 0 0 0 0 0 0 0 0 0 0 0 0 0 0 0 0 0 0 0 0 0 0 0 0 0 0 0 0 "0"
33 0.995 0.07 0.015 0.01 0.005 0.04 0.115 0.305 0.32 0 0 0 0.16 0.45 0 0 0 0 0 0 0 0 0 0 0 0 0 0 0 0 0 0 0 0 0 0 0 0 0 0 0 0 0 0 0 0 0 0 0 "0"
34 1 0.07 0.015 0.01 0.005 0.04 0.115 0.305 0.32 0 0 0 0.16 0.45 0 0 0 0 0 0 0 0 0 0 0 0 0 0 0 0 0 0 0 0 0 0 0 0 0 0 0 0 0 0 0 0 0 0 0 "0"
35 1 0.07 0.015 0.01 0.005 0.04 0.115 0.305 0.32 0 0 0 0.16 0.45 0 0 0 0 0 0 0 0 0 0 0 0 0 0 0 0 0 0 0 0 0 0 0 0 0 0 0 0 0 0 0 0 0 0 0 "0"
36 0.015 0.015 0.01 0.005 0.04 0.115 0.305 0.32 0 0 0 0.16 0.45 0 0 0 0 0 0 0 0 0 0 0 0 0 0 0 0 0 0 0 0 0 0 0 0 0 0 0 0 0 0 0 0 0 0 0 0 "0"
37 0.15 0.21 0.015 0.015 0.01 0.005 0.04 0.115 0.305 0.32 0 0 0 0.16 0.45 0 0 0 0 0 0 0 0 0 0 0 0 0 0 0 0 0 0 0 0 0 0 0 0 0 0 0 0 0 0 0 0 0 0 "0"
38 0.15 0.21 0.015 0.015 0.01 0.005 0.04 0.115 0.305 0.32 0 0 0 0.16 0.45 0 0 0 0 0 0 0 0 0 0 0 0 0 0 0 0 0 0 0 0 0 0 0 0 0 0 0 0 0 0 0 0 0 0 "0"
39 0.61 0.21 0.015 0.015 0.01 0.005 0.04 0.115 0.305 0.32 0 0 0 0.16 0.45 0 0 0 0 0 0 0 0 0 0 0 0 0 0 0 0 0 0 0 0 0 0 0 0 0 0 0 0 0 0 0 0 0 0 "0"
40 0.685 0.61 0.21 0.015 0.015 0.01 0.005 0.04 0.115 0.305 0.32 0 0 0 0.16 0.45 0 0 0 0 0 0 0 0 0 0 0 0 0 0 0 0 0 0 0 0 0 0 0 0 0 0 0 0 0 0 0 0 0 "0"
41 0.235 0.175 0.695 0.685 0.61 0.21 0.015 0.015 0.01 0.005 0.04 0.115 0.305 0.32 0 0 0 0.16 0.45 0 0 0 0 0 0 0 0 0 0 0 0 0 0 0 0 0 0 0 0 0 0 0 0 0 0 0 0 0 0 "0"
42 0.235 0.175 0.695 0.685 0.61 0.21 0.015 0.015 0.01 0.005 0.04 0.115 0.305 0.32 0 0 0 0.16 0.45 0 0 0 0 0 0 0 0 0 0 0 0 0 0 0 0 0 0 0 0 0 0 0 0 0 0 0 0 0 0 "0"
43 0.175 0.695 0.685 0.61 0.21 0.015 0.015 0.01 0.005 0.04 0.115 0.305 0.32 0 0 0 0.16 0.45 0 0 0 0 0 0 0 0 0 0 0 0 0 0 0 0 0 0 0 0 0 0 0 0 0 0 0 0 0 0 0 "0"
44 0.54 0.05 0.695 0.685 0.61 0.21 0.015 0.015 0.01 0.005 0.04 0.115 0.305 0.32 0 0 0 0.16 0.45 0 0 0 0 0 0 0 0 0 0 0 0 0 0 0 0 0 0 0 0 0 0 0 0 0 0 0 0 0 0 "0"
45 0.54 0.05 0.695 0.685 0.61 0.21 0.015 0.015 0.01 0.005 0.04 0.115 0.305 0.32 0 0 0 0.16 0.45 0 0 0 0 0 0 0 0 0 0 0 0 0 0 0 0 0 0 0 0 0 0 0 0 0 0 0 0 0 0 "0"
46 0.13 0.05 0.695 0.685 0.61 0.21 0.015 0.015 0.01 0.005 0.04 0.115 0.305 0.32 0 0 0 0.16 0.45 0 0 0 0 0 0 0 0 0 0 0 0 0 0 0 0 0 0 0 0 0 0 0 0 0 0 0 0 0 0 "0"
47 0.13 0.05 0.695 0.685 0.61 0.21 0.015 0.015 0.01 0.005 0.04 0.115 0.305 0.32 0 0 0 0.16 0.45 0 0 0 0 0 0 0 0 0 0 0 0 0 0 0 0 0 0 0 0 0 0 0 0 0 0 0 0 0 0 "0"
48 0.125 0.04 0.115 0.305 0.32 0 0 0 0.16 0.45 0 0 0 0 0 0 0 0 0 0 0 0 0 0 0 0 0 0 0 0 0 0 0 0 0 0 0 0 0 0 0 0 0 0 0 0 0 0 0 "0"
49 0.03 0.125 0.04 0.115 0.305 0.32 0 0 0 0.16 0.45 0 0 0 0 0 0 0 0 0 0 0 0 0 0 0 0 0 0 0 0 0 0 0 0 0 0 0 0 0 0 0 0 0 0 0 0 0 0 "0"
50 0.03 0.125 0.04 0.115 0.305 0.32 0 0 0 0.16 0.45 0 0 0 0 0 0 0 0 0 0 0 0 0 0 0 0 0 0 0 0 0 0 0 0 0 0 0 0 0 0 0 0 0 0 0 0 0 0 "0"
51 0.98 0.115 0.305 0.32 0 0 0 0.16 0.45 0 0 0 0 0 0 0 0 0 0 0 0 0 0 0 0 0 0 0 0 0 0 0 0 0 0 0 0 0 0 0 0 0 0 0 0 0 0 0 0 "0"
52 0.75 0.98 0.115 0.305 0.32 0 0 0 0.16 0.45 0 0 0 0 0 0 0 0 0 0 0 0 0 0 0 0 0 0 0 0 0 0 0 0 0 0 0 0 0 0 0 0 0 0 0 0 0 0 0 "0"
53 0.75 0.98 0.115 0.305 0.32 0 0 0 0.16 0.45 0 0 0 0 0 0 0 0 0 0 0 0 0 0 0 0 0 0 0 0 0 0 0 0 0 0 0 0 0 0 0 0 0 0 0 0 0 0 0 "0"
54 0.305 0.32 0 0 0 0.16 0.45 0 0 0 0 0 0 0 0 0 0 0 0 0 0 0 0 0 0 0 0 0 0 0 0 0 0 0 0 0 0 0 0 0 0 0 0 0 0 0 0 0 0 "0"
55 0.245 0.395 0.31 0.325 0.18 0 0.04 0.065 0.65 0.32 0 0 0 0.16 0.45 0 0 0 0 0 0 0 0 0 0 0 0 0 0 0 0 0 0 0 0 0 0 0 0 0 0 0 0 0 0 0 0 0 0 "0"
56 0.245 0.395 0.31 0.325 0.18 0 0.04 0.065 0.65 0.32 0 0 0 0.16 0.45 0 0 0 0 0 0 0 0 0 0 0 0 0 0 0 0 0 0 0 0 0 0 0 0 0 0 0 0 0 0 0 0 0 0 "0"
57 0.395 0.31 0.325 0.18 0 0.04 0.065 0.65 0.32 0 0 0 0.16 0.45 0 0 0 0 0 0 0 0 0 0 0 0 0 0 0 0 0 0 0 0 0 0 0 0 0 0 0 0 0 0 0 0 0 0 0 "0"
58 0.31 0.325 0.18 0 0.04 0.065 0.65 0.32 0 0 0 0.16 0.45 0 0 0 0 0 0 0 0 0 0 0 0 0 0 0 0 0 0 0 0 0 0 0 0 0 0 0 0 0 0 0 0 0 0 0 0 "0"
59 0.325 0.18 0 0.04 0.065 0.65 0.32 0 0 0 0.16 0.45 0 0 0 0 0 0 0 0 0 0 0 0 0 0 0 0 0 0 0 0 0 0 0 0 0 0 0 0 0 0 0 0 0 0 0 0 0 "0"
60 0.87 0.18 0 0.04 0.065 0.65 0.32 0 0 0 0.16 0.45 0 0 0 0 0 0 0 0 0 0 0 0 0 0 0 0 0 0 0 0 0 0 0 0 0 0 0 0 0 0 0 0 0 0 0 0 0 "0"
61 0.87 0.18 0 0.04 0.065 0.65 0.32 0 0 0 0.16 0.45 0 0 0 0 0 0 0 0 0 0 0 0 0 0 0 0 0 0 0 0 0 0 0 0 0 0 0 0 0 0 0 0 0 0 0 0 0 "0"
62 0 0 0.04 0.065 0.65 0.32 0 0 0 0.16 0.45 0 0 0 0 0 0 0 0 0 0 0 0 0 0 0 0 0 0 0 0 0 0 0 0 0 0 0 0 0 0 0 0 0 0 0 0 0 0 "0"
63 0.21 0.155 0 0 0.04 0.065 0.65 0.32 0 0 0 0.16 0.45 0 0 0 0 0 0 0 0 0 0 0 0 0 0 0 0 0 0 0 0 0 0 0 0 0 0 0 0 0 0 0 0 0 0 0 0 "0"
64 0.21 0.155 0 0 0.04 0.065 0.65 0.32 0 0 0 0.16 0.45 0 0 0 0 0 0 0 0 0 0 0 0 0 0 0 0 0 0 0 0 0 0 0 0 0 0 0 0 0 0 0 0 0 0 0 0 "0"
65 0.065 0.155 0 0 0.04 0.065 0.65 0.32 0 0 0 0.16 0.45 0 0 0 0 0 0 0 0 0 0 0 0 0 0 0 0 0 0 0 0 0 0 0 0 0 0 0 0 0 0 0 0 0 0 0 0 "0"
66 0.065 0.155 0 0 0.04 0.065 0.65 0.32 0 0 0 0.16 0.45 0 0 0 0 0 0 0 0 0 0 0 0 0 0 0 0 0 0 0 0 0 0 0 0 0 0 0 0 0 0 0 0 0 0 0 0 "0"
67 0.04 0.065 0.65 0.32 0 0 0 0.16 0.45 0 0 0 0 0 0 0 0 0 0 0 0 0 0 0 0 0 0 0 0 0 0 0 0 0 0 0 0 0 0 0 0 0 0 0 0 0 0 0 0 "0"
68 0.065 0.65 0.32 0 0 0 0.16 0.45 0 0 0 0 0 0 0 0 0 0 0 0 0 0 0 0 0 0 0 0 0 0 0 0 0 0 0 0 0 0 0 0 0 0 0 0 0 0 0 0 0 "0"
69 0 0.67 0.36 0.975 0.3 0.15 0.905 0.355 0.16 0.65 0.32 0 0 0 0.16 0.45 0 0 0 0 0 0 0 0 0 0 0 0 0 0 0 0 0 0 0 0 0 0 0 0 0 0 0 0 0 0 0 0 0 "0"
70 0 0.67 0.36 0.975 0.3 0.15 0.905 0.355 0.16 0.65 0.32 0 0 0 0.16 0.45 0 0 0 0 0 0 0 0 0 0 0 0 0 0 0 0 0 0 0 0 0 0 0 0 0 0 0 0 0 0 0 0 0 "0"
71 0.67 0.36 0.975 0.3 0.15 0.905 0.355 0.16 0.65 0.32 0 0 0 0.16 0.45 0 0 0 0 0 0 0 0 0 0 0 0 0 0 0 0 0 0 0 0 0 0 0 0 0 0 0 0 0 0 0 0 0 0 "0"
72 0.36 0.975 0.3 0.15 0.905 0.355 0.16 0.65 0.32 0 0 0 0.16 0.45 0 0 0 0 0 0 0 0 0 0 0 0 0 0 0 0 0 0 0 0 0 0 0 0 0 0 0 0 0 0 0 0 0 0 0 "0"
73 0.975 0.3 0.15 0.905 0.355 0.16 0.65 0.32 0 0 0 0.16 0.45 0 0 0 0 0 0 0 0 0 0 0 0 0 0 0 0 0 0 0 0 0 0 0 0 0 0 0 0 0 0 0 0 0 0 0 0 "0"
74 0.64 0.3 0.15 0.905 0.355 0.16 0.65 0.32 0 0 0 0.16 0.45 0 0 0 0 0 0 0 0 0 0 0 0 0 0 0 0 0 0 0 0 0 0 0 0 0 0 0 0 0 0 0 0 0 0 0 0 "0"
75 0.64 0.3 0.15 0.905 0.355 0.16 0.65 0.32 0 0 0 0.16 0.45 0 0 0 0 0 0 0 0 0 0 0 0 0 0 0 0 0 0 0 0 0 0 0 0 0 0 0 0 0 0 0 0 0 0 0 0 "0"
76 0.15 0.905 0.355 0.16 0.65 0.32 0 0 0 0.16 0.45 0 0 0 0 0 0 0 0 0 0 0 0 0 0 0 0 0 0 0 0 0 0 0 0 0 0 0 0 0 0 0 0 0 0 0 0 0 0 "0"
77 0.905 0.355 0.16 0.65 0.32 0 0 0 0.16 0.45 0 0 0 0 0 0 0 0 0 0 0 0 0 0 0 0 0 0 0 0 0 0 0 0 0 0 0 0 0 0 0 0 0 0 0 0 0 0 0 "0"
78 0.49 0.355 0.16 0.65 0.32 0 0 0 0.16 0.45 0 0 0 0 0 0 0 0 0 0 0 0 0 0 0 0 0 0 0 0 0 0 0 0 0 0 0 0 0 0 0 0 0 0 0 0 0 0 0 "0"
79 0.34 0.49 0.355 0.16 0.65 0.32 0 0 0 0.16 0.45 0 0 0 0 0 0 0 0 0 0 0 0 0 0 0 0 0 0 0 0 0 0 0 0 0 0 0 0 0 0 0 0 0 0 0 0 0 0 "0"
80 0.06 0.34 0.49 0.355 0.16 0.65 0.32 0 0 0 0.16 0.45 0 0 0 0 0 0 0 0 0 0 0 0 0 0 0 0 0 0 0 0 0 0 0 0 0 0 0 0 0 0 0 0 0 0 0 0 0 "0"
81 0.06 0.34 0.49 0.355 0.16 0.65 0.32 0 0 0 0.16 0.45 0 0 0 0 0 0 0 0 0 0 0 0 0 0 0 0 0 0 0 0 0 0 0 0 0 0 0 0 0 0 0 0 0 0 0 0 0 "0"
82 0.485 0.915 0.53 0.16 0.65 0.32 0 0 0 0.16 0.45 0 0 0 0 0 0 0 0 0 0 0 0 0 0 0 0 0 0 0 0 0 0 0 0 0 0 0 0 0 0 0 0 0 0 0 0 0 0 "0"
83 0.485 0.915 0.53 0.16 0.65 0.32 0 0 0 0.16 0.45 0 0 0 0 0 0 0 0 0 0 0 0 0 0 0 0 0 0 0 0 0 0 0 0 0 0 0 0 0 0 0 0 0 0 0 0 0 0 "0"
84 0.915 0.53 0.16 0.65 0.32 0 0 0 0.16 0.45 0 0 0 0 0 0 0 0 0 0 0 0 0 0 0 0 0 0 0 0 0 0 0 0 0 0 0 0 0 0 0 0 0 0 0 0 0 0 0 "0"
85 0.57 0.435 0.305 0.53 0.16 0.65 0.32 0 0 0 0.16 0.45 0 0 0 0 0 0 0 0 0 0 0 0 0 0 0 0 0 0 0 0 0 0 0 0 0 0 0 0 0 0 0 0 0 0 0 0 0 "0"
86 0.57 0.435 0.305 0.53 0.16 0.65 0.32 0 0 0 0.16 0.45 0 0 0 0 0 0 0 0 0 0 0 0 0 0 0 0 0 0 0 0 0 0 0 0 0 0 0 0 0 0 0 0 0 0 0 0 0 "0"
87 0.52 0.435 0.305 0.53 0.16 0.65 0.32 0 0 0 0.16 0.45 0 0 0 0 0 0 0 0 0 0 0 0 0 0 0 0 0 0 0 0 0 0 0 0 0 0 0 0 0 0 0 0 0 0 0 0 0 "0"
88 0.52 0.435 0.305 0.53 0.16 0.65 0.32 0 0 0 0.16 0.45 0 0 0 0 0 0 0 0 0 0 0 0 0 0 0 0 0 0 0 0 0 0 0 0 0 0 0 0 0 0 0 0 0 0 0 0 0 "0"
89 0.35 0.305 0.53 0.16 0.65 0.32 0 0 0 0.16 0.45 0 0 0 0 0 0 0 0 0 0 0 0 0 0 0 0 0 0 0 0 0 0 0 0 0 0 0 0 0 0 0 0 0 0 0 0 0 0 "0"
90 0.045 0.35 0.305 0.53 0.16 0.65 0.32 0 0 0 0.16 0.45 0 0 0 0 0 0 0 0 0 0 0 0 0 0 0 0 0 0 0 0 0 0 0 0 0 0 0 0 0 0 0 0 0 0 0 0 0 "0"
91 0.84 0.205 0.045 0.35 0.305 0.53 0.16 0.65 0.32 0 0 0 0.16 0.45 0 0 0 0 0 0 0 0 0 0 0 0 0 0 0 0 0 0 0 0 0 0 0 0 0 0 0 0 0 0 0 0 0 0 0 "0"
92 0.84 0.205 0.045 0.35 0.305 0.53 0.16 0.65 0.32 0 0 0 0.16 0.45 0 0 0 0 0 0 0 0 0 0 0 0 0 0 0 0 0 0 0 0 0 0 0 0 0 0 0 0 0 0 0 0 0 0 0 "0"
93 0.02 0.205 0.045 0.35 0.305 0.53 0.16 0.65 0.32 0 0 0 0.16 0.45 0 0 0 0 0 0 0 0 0 0 0 0 0 0 0 0 0 0 0 0 0 0 0 0 0 0 0 0 0 0 0 0 0 0 0 "0"
94 0.715 0.145 0.64 0.24 0.215 0.02 0.205 0.045 0.35 0.305 0.53 0.16 0.65 0.32 0 0 0 0.16 0.45 0 0 0 0 0 0 0 0 0 0 0 0 0 0 0 0 0 0 0 0 0 0 0 0 0 0 0 0 0 0 "0"
95 0.715 0.145 0.64 0.24 0.215 0.02 0.205 0.045 0.35 0.305 0.53 0.16 0.65 0.32 0 0 0 0.16 0.45 0 0 0 0 0 0 0 0 0 0 0 0 0 0 0 0 0 0 0 0 0 0 0 0 0 0 0 0 0 0 "0"
96 0.145 0.64 0.24 0.215 0.02 0.205 0.045 0.35 0.305 0.53 0.16 0.65 0.32 0 0 0 0.16 0.45 0 0 0 0 0 0 0 0 0 0 0 0 0 0 0 0 0 0 0 0 0 0 0 0 0 0 0 0 0 0 0 "0"
97 0.64 0.24 0.215 0.02 0.205 0.045 0.35 0.305 0.53 0.16 0.65 0.32 0 0 0 0.16 0.45 0 0 0 0 0 0 0 0 0 0 0 0 0 0 0 0 0 0 0 0 0 0 0 0 0 0 0 0 0 0 0 0 "0"
98 0.24 0.215 0.02 0.205 0.045 0.35 0.305 0.53 0.16 0.65 0.32 0 0 0 0.16 0.45 0 0 0 0 0 0 0 0 0 0 0 0 0 0 0 0 0 0 0 0 0 0 0 0 0 0 0 0 0 0 0 0 0 "0"
99 0.73 0.215 0.02 0.205 0.045 0.35 0.305 0.53 0.16 0.65 0.32 0 0 0 0.16 0.45 0 0 0 0 0 0 0 0 0 0 0 0 0 0 0 0 0 0 0 0 0 0 0 0 0 0 0 0 0 0 0 0 0 "0"
100 0.305 0.73 0.215 0.02 0.205 0.045 0.35 0.305 0.53 0.16 0.65 0.32 0 0 0 0.16 0.45 0 0 0 0 0 0 0 0 0 0 0 0 0 0 0 0 0 0 0 0 0 0 0 0 0 0 0 0 0 0 0 0 "0"
101 0.095 0.305 0.73 0.215 0.02 0.205 0.045 0.35 0.305 0.53 0.16 0.65 0.32 0 0 0 0.16 0.45 0 0 0 0 0 0 0 0 0 0 0 0 0 0 0 0 0 0 0 0 0 0 0 0 0 0 0 0 0 0 0 "0"
102 0.5 0.095 0.305 0.73 0.215 0.02 0.205 0.045 0.35 0.305 0.53 0.16 0.65 0.32 0 0 0 0.16 0.45 0 0 0 0 0 0 0 0 0 0 0 0 0 0 0 0 0 0 0 0 0 0 0 0 0 0 0 0 0 0 "0"
103 0.045 0.5 0.095 0.305 0.73 0.215 0.02 0.205 0.045 0.35 0.305 0.53 0.16 0.65 0.32 0 0 0 0.16 0.45 0 0 0 0 0 0 0 0 0 0 0 0 0 0 0 0 0 0 0 0 0 0 0 0 0 0 0 0 0 "0"
104 0.04 0.045 0.5 0.095 0.305 0.73 0.215 0.02 0.205 0.045 0.35 0.305 0.53 0.16 0.65 0.32 0 0 0 0.16 0.45 0 0 0 0 0 0 0 0 0 0 0 0 0 0 0 0 0 0 0 0 0 0 0 0 0 0 0 0 "0"
105 0.04 0.04 0.045 0.5 0.095 0.305 0.73 0.215 0.02 0.205 0.045 0.35 0.305 0.53 0.16 0.65 0.32 0 0 0 0.16 0.45 0 0 0 0 0 0 0 0 0 0 0 0 0 0 0 0 0 0 0 0 0 0 0 0 0 0 0 "0"
106 0.04 0.04 0.045 0.5 0.095 0.305 0.73 0.215 0.02 0.205 0.045 0.35 0.305 0.53 0.16 0.65 0.32 0 0 0 0.16 0.45 0 0 0 0 0 0 0 0 0 0 0 0 0 0 0 0 0 0 0 0 0 0 0 0 0 0 0 "0"
107 0.005 0 0 0 0.16 0.45 0 0 0 0 0 0 0 0 0 0 0 0 0 0 0 0 0 0 0 0 0 0 0 0 0 0 0 0 0 0 0 0 0 0 0 0 0 0 0 0 0 0 0 "0"
108 0 0.005 0 0 0 0.16 0.45 0 0 0 0 0 0 0 0 0 0 0 0 0 0 0 0 0 0 0 0 0 0 0 0 0 0 0 0 0 0 0 0 0 0 0 0 0 0 0 0 0 0 "0"
109 0.56 0.985 0.04 0.01 0 0.005 0 0 0 0.16 0.45 0 0 0 0 0 0 0 0 0 0 0 0 0 0 0 0 0 0 0 0 0 0 0 0 0 0 0 0 0 0 0 0 0 0 0 0 0 0 "0"
110 0.56 0.985 0.04 0.01 0 0.005 0 0 0 0.16 0.45 0 0 0 0 0 0 0 0 0 0 0 0 0 0 0 0 0 0 0 0 0 0 0 0 0 0 0 0 0 0 0 0 0 0 0 0 0 0 "0"
111 0.985 0.04 0.01 0 0.005 0 0 0 0.16 0.45 0 0 0 0 0 0 0 0 0 0 0 0 0 0 0 0 0 0 0 0 0 0 0 0 0 0 0 0 0 0 0 0 0 0 0 0 0 0 0 "0"
112 0.04 0.01 0 0.005 0 0 0 0.16 0.45 0 0 0 0 0 0 0 0 0 0 0 0 0 0 0 0 0 0 0 0 0 0 0 0 0 0 0 0 0 0 0 0 0 0 0 0 0 0 0 0 "0"
113 0.2 0.135 0.97 0.84 0.76 0.56 0.01 0 0.005 0 0 0 0.16 0.45 0 0 0 0 0 0 0 0 0 0 0 0 0 0 0 0 0 0 0 0 0 0 0 0 0 0 0 0 0 0 0 0 0 0 0 "0"
114 0.2 0.135 0.97 0.84 0.76 0.56 0.01 0 0.005 0 0 0 0.16 0.45 0 0 0 0 0 0 0 0 0 0 0 0 0 0 0 0 0 0 0 0 0 0 0 0 0 0 0 0 0 0 0 0 0 0 0 "0"
115 0.135 0.97 0.84 0.76 0.56 0.01 0 0.005 0 0 0 0.16 0.45 0 0 0 0 0 0 0 0 0 0 0 0 0 0 0 0 0 0 0 0 0 0 0 0 0 0 0 0 0 0 0 0 0 0 0 0 "0"
116 0.97 0.84 0.76 0.56 0.01 0 0.005 0 0 0 0.16 0.45 0 0 0 0 0 0 0 0 0 0 0 0 0 0 0 0 0 0 0 0 0 0 0 0 0 0 0 0 0 0 0 0 0 0 0 0 0 "0"
117 0.84 0.76 0.56 0.01 0 0.005 0 0 0 0.16 0.45 0 0 0 0 0 0 0 0 0 0 0 0 0 0 0 0 0 0 0 0 0 0 0 0 0 0 0 0 0 0 0 0 0 0 0 0 0 0 "0"
118 0.615 0.76 0.56 0.01 0 0.005 0 0 0 0.16 0.45 0 0 0 0 0 0 0 0 0 0 0 0 0 0 0 0 0 0 0 0 0 0 0 0 0 0 0 0 0 0 0 0 0 0 0 0 0 0 "0"
119 1 0.615 0.76 0.56 0.01 0 0.005 0 0 0 0.16 0.45 0 0 0 0 0 0 0 0 0 0 0 0 0 0 0 0 0 0 0 0 0 0 0 0 0 0 0 0 0 0 0 0 0 0 0 0 0 "0"
120 1 0.615 0.76 0.56 0.01 0 0.005 0 0 0 0.16 0.45 0 0 0 0 0 0 0 0 0 0 0 0 0 0 0 0 0 0 0 0 0 0 0 0 0 0 0 0 0 0 0 0 0 0 0 0 0 "0"
121 0.09 0.56 0.01 0 0.005 0 0 0 0.16 0.45 0 0 0 0 0 0 0 0 0 0 0 0 0 0 0 0 0 0 0 0 0 0 0 0 0 0 0 0 0 0 0 0 0 0 0 0 0 0 0 "0"
122 0.78 0.09 0.56 0.01 0 0.005 0 0 0 0.16 0.45 0 0 0 0 0 0 0 0 0 0 0 0 0 0 0 0 0 0 0 0 0 0 0 0 0 0 0 0 0 0 0 0 0 0 0 0 0 0 "0"
123 0.15 0.17 0.71 0.3 0.06 0.015 0.22 0.425 0.81 0.78 0.09 0.56 0.01 0 0.005 0 0 0 0.16 0.45 0 0 0 0 0 0 0 0 0 0 0 0 0 0 0 0 0 0 0 0 0 0 0 0 0 0 0 0 0 "0"
124 0.15 0.17 0.71 0.3 0.06 0.015 0.22 0.425 0.81 0.78 0.09 0.56 0.01 0 0.005 0 0 0 0.16 0.45 0 0 0 0 0 0 0 0 0 0 0 0 0 0 0 0 0 0 0 0 0 0 0 0 0 0 0 0 0 "0"
125 0.17 0.71 0.3 0.06 0.015 0.22 0.425 0.81 0.78 0.09 0.56 0.01 0 0.005 0 0 0 0.16 0.45 0 0 0 0 0 0 0 0 0 0 0 0 0 0 0 0 0 0 0 0 0 0 0 0 0 0 0 0 0 0 "0"
126 0.71 0.3 0.06 0.015 0.22 0.425 0.81 0.78 0.09 0.56 0.01 0 0.005 0 0 0 0.16 0.45 0 0 0 0 0 0 0 0 0 0 0 0 0 0 0 0 0 0 0 0 0 0 0 0 0 0 0 0 0 0 0 "0"
127 0.36 0.3 0.06 0.015 0.22 0.425 0.81 0.78 0.09 0.56 0.01 0 0.005 0 0 0 0.16 0.45 0 0 0 0 0 0 0 0 0 0 0 0 0 0 0 0 0 0 0 0 0 0 0 0 0 0 0 0 0 0 0 "0"
128 0.23 0.36 0.3 0.06 0.015 0.22 0.425 0.81 0.78 0.09 0.56 0.01 0 0.005 0 0 0 0.16 0.45 0 0 0 0 0 0 0 0 0 0 0 0 0 0 0 0 0 0 0 0 0 0 0 0 0 0 0 0 0 0 "0"
129 0.23 0.36 0.3 0.06 0.015 0.22 0.425 0.81 0.78 0.09 0.56 0.01 0 0.005 0 0 0 0.16 0.45 0 0 0 0 0 0 0 0 0 0 0 0 0 0 0 0 0 0 0 0 0 0 0 0 0 0 0 0 0 0 "0"
130 0.105 0.06 0.015 0.22 0.425 0.81 0.78 0.09 0.56 0.01 0 0.005 0 0 0 0.16 0.45 0 0 0 0 0 0 0 0 0 0 0 0 0 0 0 0 0 0 0 0 0 0 0 0 0 0 0 0 0 0 0 0 "0"
131 0.105 0.06 0.015 0.22 0.425 0.81 0.78 0.09 0.56 0.01 0 0.005 0 0 0 0.16 0.45 0 0 0 0 0 0 0 0 0 0 0 0 0 0 0 0 0 0 0 0 0 0 0 0 0 0 0 0 0 0 0 0 "0"
132 0.87 0.015 0.22 0.425 0.81 0.78 0.09 0.56 0.01 0 0.005 0 0 0 0.16 0.45 0 0 0 0 0 0 0 0 0 0 0 0 0 0 0 0 0 0 0 0 0 0 0 0 0 0 0 0 0 0 0 0 0 "0"
133 0.87 0.015 0.22 0.425 0.81 0.78 0.09 0.56 0.01 0 0.005 0 0 0 0.16 0.45 0 0 0 0 0 0 0 0 0 0 0 0 0 0 0 0 0 0 0 0 0 0 0 0 0 0 0 0 0 0 0 0 0 "0"
134 0.565 0.22 0.425 0.81 0.78 0.09 0.56 0.01 0 0.005 0 0 0 0.16 0.45 0 0 0 0 0 0 0 0 0 0 0 0 0 0 0 0 0 0 0 0 0 0 0 0 0 0 0 0 0 0 0 0 0 0 "0"
135 0.035 0.565 0.22 0.425 0.81 0.78 0.09 0.56 0.01 0 0.005 0 0 0 0.16 0.45 0 0 0 0 0 0 0 0 0 0 0 0 0 0 0 0 0 0 0 0 0 0 0 0 0 0 0 0 0 0 0 0 0 "0"
136 0.035 0.565 0.22 0.425 0.81 0.78 0.09 0.56 0.01 0 0.005 0 0 0 0.16 0.45 0 0 0 0 0 0 0 0 0 0 0 0 0 0 0 0 0 0 0 0 0 0 0 0 0 0 0 0 0 0 0 0 0 "0"
137 0.425 0.81 0.78 0.09 0.56 0.01 0 0.005 0 0 0 0.16 0.45 0 0 0 0 0 0 0 0 0 0 0 0 0 0 0 0 0 0 0 0 0 0 0 0 0 0 0 0 0 0 0 0 0 0 0 0 "0"
138 0.155 0.81 0.78 0.09 0.56 0.01 0 0.005 0 0 0 0.16 0.45 0 0 0 0 0 0 0 0 0 0 0 0 0 0 0 0 0 0 0 0 0 0 0 0 0 0 0 0 0 0 0 0 0 0 0 0 "0"
139 0.085 0.155 0.81 0.78 0.09 0.56 0.01 0 0.005 0 0 0 0.16 0.45 0 0 0 0 0 0 0 0 0 0 0 0 0 0 0 0 0 0 0 0 0 0 0 0 0 0 0 0 0 0 0 0 0 0 0 "0"
140 0.1 0.12 0.07 0.085 0.155 0.81 0.78 0.09 0.56 0.01 0 0.005 0 0 0 0.16 0.45 0 0 0 0 0 0 0 0 0 0 0 0 0 0 0 0 0 0 0 0 0 0 0 0 0 0 0 0 0 0 0 0 "0"
141 0.1 0.12 0.07 0.085 0.155 0.81 0.78 0.09 0.56 0.01 0 0.005 0 0 0 0.16 0.45 0 0 0 0 0 0 0 0 0 0 0 0 0 0 0 0 0 0 0 0 0 0 0 0 0 0 0 0 0 0 0 0 "0"
142 0.12 0.07 0.085 0.155 0.81 0.78 0.09 0.56 0.01 0 0.005 0 0 0 0.16 0.45 0 0 0 0 0 0 0 0 0 0 0 0 0 0 0 0 0 0 0 0 0 0 0 0 0 0 0 0 0 0 0 0 0 "0"
143 0.055 0.19 0.06 0.07 0.085 0.155 0.81 0.78 0.09 0.56 0.01 0 0.005 0 0 0 0.16 0.45 0 0 0 0 0 0 0 0 0 0 0 0 0 0 0 0 0 0 0 0 0 0 0 0 0 0 0 0 0 0 0 "0"
144 0.055 0.19 0.06 0.07 0.085 0.155 0.81 0.78 0.09 0.56 0.01 0 0.005 0 0 0 0.16 0.45 0 0 0 0 0 0 0 0 0 0 0 0 0 0 0 0 0 0 0 0 0 0 0 0 0 0 0 0 0 0 0 "0"
145 0.19 0.06 0.07 0.085 0.155 0.81 0.78 0.09 0.56 0.01 0 0.005 0 0 0 0.16 0.45 0 0 0 0 0 0 0 0 0 0 0 0 0 0 0 0 0 0 0 0 0 0 0 0 0 0 0 0 0 0 0 0 "0"
146 0.37 0.155 0.135 0.215 0.06 0.07 0.085 0.155 0.81 0.78 0.09 0.56 0.01 0 0.005 0 0 0 0.16 0.45 0 0 0 0 0 0 0 0 0 0 0 0 0 0 0 0 0 0 0 0 0 0 0 0 0 0 0 0 0 "0"
147 0.37 0.155 0.135 0.215 0.06 0.07 0.085 0.155 0.81 0.78 0.09 0.56 0.01 0 0.005 0 0 0 0.16 0.45 0 0 0 0 0 0 0 0 0 0 0 0 0 0 0 0 0 0 0 0 0 0 0 0 0 0 0 0 0 "0"
148 0.155 0.135 0.215 0.06 0.07 0.085 0.155 0.81 0.78 0.09 0.56 0.01 0 0.005 0 0 0 0.16 0.45 0 0 0 0 0 0 0 0 0 0 0 0 0 0 0 0 0 0 0 0 0 0 0 0 0 0 0 0 0 0 "0"
149 0.135 0.215 0.06 0.07 0.085 0.155 0.81 0.78 0.09 0.56 0.01 0 0.005 0 0 0 0.16 0.45 0 0 0 0 0 0 0 0 0 0 0 0 0 0 0 0 0 0 0 0 0 0 0 0 0 0 0 0 0 0 0 "0"
150 0.575 0.215 0.06 0.07 0.085 0.155 0.81 0.78 0.09 0.56 0.01 0 0.005 0 0 0 0.16 0.45 0 0 0 0 0 0 0 0 0 0 0 0 0 0 0 0 0 0 0 0 0 0 0 0 0 0 0 0 0 0 0 "0"
151 0.485 0.575 0.215 0.06 0.07 0.085 0.155 0.81 0.78 0.09 0.56 0.01 0 0.005 0 0 0 0.16 0.45 0 0 0 0 0 0 0 0 0 0 0 0 0 0 0 0 0 0 0 0 0 0 0 0 0 0 0 0 0 0 "0"
152 0.005 0.485 0.575 0.215 0.06 0.07 0.085 0.155 0.81 0.78 0.09 0.56 0.01 0 0.005 0 0 0 0.16 0.45 0 0 0 0 0 0 0 0 0 0 0 0 0 0 0 0 0 0 0 0 0 0 0 0 0 0 0 0 0 "0"
153 0.245 0.005 0.485 0.575 0.215 0.06 0.07 0.085 0.155 0.81 0.78 0.09 0.56 0.01 0 0.005 0 0 0 0.16 0.45 0 0 0 0 0 0 0 0 0 0 0 0 0 0 0 0 0 0 0 0 0 0 0 0 0 0 0 0 "0"
154 0.29 0.245 0.005 0.485 0.575 0.215 0.06 0.07 0.085 0.155 0.81 0.78 0.09 0.56 0.01 0 0.005 0 0 0 0.16 0.45 0 0 0 0 0 0 0 0 0 0 0 0 0 0 0 0 0 0 0 0 0 0 0 0 0 0 0 "0"
155 0.29 0.245 0.005 0.485 0.575 0.215 0.06 0.07 0.085 0.155 0.81 0.78 0.09 0.56 0.01 0 0.005 0 0 0 0.16 0.45 0 0 0 0 0 0 0 0 0 0 0 0 0 0 0 0 0 0 0 0 0 0 0 0 0 0 0 "0"
156 0.965 0.92 0.015 0 0 0.16 0.45 0 0 0 0 0 0 0 0 0 0 0 0 0 0 0 0 0 0 0 0 0 0 0 0 0 0 0 0 0 0 0 0 0 0 0 0 0 0 0 0 0 0 "0"
157 0.965 0.92 0.015 0 0 0.16 0.45 0 0 0 0 0 0 0 0 0 0 0 0 0 0 0 0 0 0 0 0 0 0 0 0 0 0 0 0 0 0 0 0 0 0 0 0 0 0 0 0 0 0 "0"
158 0.92 0.015 0 0 0.16 0.45 0 0 0 0 0 0 0 0 0 0 0 0 0 0 0 0 0 0 0 0 0 0 0 0 0 0 0 0 0 0 0 0 0 0 0 0 0 0 0 0 0 0 0 "0"
159 0.32 0.05 0.02 0.015 0 0 0.16 0.45 0 0 0 0 0 0 0 0 0 0 0 0 0 0 0 0 0 0 0 0 0 0 0 0 0 0 0 0 0 0 0 0 0 0 0 0 0 0 0 0 0 "0"
160 0.32 0.05 0.02 0.015 0 0 0.16 0.45 0 0 0 0 0 0 0 0 0 0 0 0 0 0 0 0 0 0 0 0 0 0 0 0 0 0 0 0 0 0 0 0 0 0 0 0 0 0 0 0 0 "0"
161 0.375 0.05 0.02 0.015 0 0 0.16 0.45 0 0 0 0 0 0 0 0 0 0 0 0 0 0 0 0 0 0 0 0 0 0 0 0 0 0 0 0 0 0 0 0 0 0 0 0 0 0 0 0 0 "0"
162 0.375 0.05 0.02 0.015 0 0 0.16 0.45 0 0 0 0 0 0 0 0 0 0 0 0 0 0 0 0 0 0 0 0 0 0 0 0 0 0 0 0 0 0 0 0 0 0 0 0 0 0 0 0 0 "0"
163 0.945 0.425 0.36 0.4 0.605 0.4 0.115 0.095 0.02 0.005 0 0.02 0.015 0 0 0.16 0.45 0 0 0 0 0 0 0 0 0 0 0 0 0 0 0 0 0 0 0 0 0 0 0 0 0 0 0 0 0 0 0 0 "0"
164 0.945 0.425 0.36 0.4 0.605 0.4 0.115 0.095 0.02 0.005 0 0.02 0.015 0 0 0.16 0.45 0 0 0 0 0 0 0 0 0 0 0 0 0 0 0 0 0 0 0 0 0 0 0 0 0 0 0 0 0 0 0 0 "0"
165 0.425 0.36 0.4 0.605 0.4 0.115 0.095 0.02 0.005 0 0.02 0.015 0 0 0.16 0.45 0 0 0 0 0 0 0 0 0 0 0 0 0 0 0 0 0 0 0 0 0 0 0 0 0 0 0 0 0 0 0 0 0 "0"
166 0.36 0.4 0.605 0.4 0.115 0.095 0.02 0.005 0 0.02 0.015 0 0 0.16 0.45 0 0 0 0 0 0 0 0 0 0 0 0 0 0 0 0 0 0 0 0 0 0 0 0 0 0 0 0 0 0 0 0 0 0 "0"
167 0.94 0.4 0.605 0.4 0.115 0.095 0.02 0.005 0 0.02 0.015 0 0 0.16 0.45 0 0 0 0 0 0 0 0 0 0 0 0 0 0 0 0 0 0 0 0 0 0 0 0 0 0 0 0 0 0 0 0 0 0 "0"
168 0.11 0.94 0.4 0.605 0.4 0.115 0.095 0.02 0.005 0 0.02 0.015 0 0 0.16 0.45 0 0 0 0 0 0 0 0 0 0 0 0 0 0 0 0 0 0 0 0 0 0 0 0 0 0 0 0 0 0 0 0 0 "0"
169 0.11 0.94 0.4 0.605 0.4 0.115 0.095 0.02 0.005 0 0.02 0.015 0 0 0.16 0.45 0 0 0 0 0 0 0 0 0 0 0 0 0 0 0 0 0 0 0 0 0 0 0 0 0 0 0 0 0 0 0 0 0 "0"
170 0.91 0.605 0.4 0.115 0.095 0.02 0.005 0 0.02 0.015 0 0 0.16 0.45 0 0 0 0 0 0 0 0 0 0 0 0 0 0 0 0 0 0 0 0 0 0 0 0 0 0 0 0 0 0 0 0 0 0 0 "0"
171 0.86 0.91 0.605 0.4 0.115 0.095 0.02 0.005 0 0.02 0.015 0 0 0.16 0.45 0 0 0 0 0 0 0 0 0 0 0 0 0 0 0 0 0 0 0 0 0 0 0 0 0 0 0 0 0 0 0 0 0 0 "0"
172 0.81 0.86 0.91 0.605 0.4 0.115 0.095 0.02 0.005 0 0.02 0.015 0 0 0.16 0.45 0 0 0 0 0 0 0 0 0 0 0 0 0 0 0 0 0 0 0 0 0 0 0 0 0 0 0 0 0 0 0 0 0 "0"
173 0.81 0.86 0.91 0.605 0.4 0.115 0.095 0.02 0.005 0 0.02 0.015 0 0 0.16 0.45 0 0 0 0 0 0 0 0 0 0 0 0 0 0 0 0 0 0 0 0 0 0 0 0 0 0 0 0 0 0 0 0 0 "0"
174 0.125 0.4 0.115 0.095 0.02 0.005 0 0.02 0.015 0 0 0.16 0.45 0 0 0 0 0 0 0 0 0 0 0 0 0 0 0 0 0 0 0 0 0 0 0 0 0 0 0 0 0 0 0 0 0 0 0 0 "0"
175 0.24 0.085 0.125 0.4 0.115 0.095 0.02 0.005 0 0.02 0.015 0 0 0.16 0.45 0 0 0 0 0 0 0 0 0 0 0 0 0 0 0 0 0 0 0 0 0 0 0 0 0 0 0 0 0 0 0 0 0 0 "0"
176 0.24 0.085 0.125 0.4 0.115 0.095 0.02 0.005 0 0.02 0.015 0 0 0.16 0.45 0 0 0 0 0 0 0 0 0 0 0 0 0 0 0 0 0 0 0 0 0 0 0 0 0 0 0 0 0 0 0 0 0 0 "0"
177 1 0.085 0.125 0.4 0.115 0.095 0.02 0.005 0 0.02 0.015 0 0 0.16 0.45 0 0 0 0 0 0 0 0 0 0 0 0 0 0 0 0 0 0 0 0 0 0 0 0 0 0 0 0 0 0 0 0 0 0 "0"
178 1 0.085 0.125 0.4 0.115 0.095 0.02 0.005 0 0.02 0.015 0 0 0.16 0.45 0 0 0 0 0 0 0 0 0 0 0 0 0 0 0 0 0 0 0 0 0 0 0 0 0 0 0 0 0 0 0 0 0 0 "0"
179 0.63 0.115 0.095 0.02 0.005 0 0.02 0.015 0 0 0.16 0.45 0 0 0 0 0 0 0 0 0 0 0 0 0 0 0 0 0 0 0 0 0 0 0 0 0 0 0 0 0 0 0 0 0 0 0 0 0 "0"
180 0.63 0.115 0.095 0.02 0.005 0 0.02 0.015 0 0 0.16 0.45 0 0 0 0 0 0 0 0 0 0 0 0 0 0 0 0 0 0 0 0 0 0 0 0 0 0 0 0 0 0 0 0 0 0 0 0 0 "0"
181 0.975 0.675 0.095 0.02 0.005 0 0.02 0.015 0 0 0.16 0.45 0 0 0 0 0 0 0 0 0 0 0 0 0 0 0 0 0 0 0 0 0 0 0 0 0 0 0 0 0 0 0 0 0 0 0 0 0 "0"
182 0.975 0.675 0.095 0.02 0.005 0 0.02 0.015 0 0 0.16 0.45 0 0 0 0 0 0 0 0 0 0 0 0 0 0 0 0 0 0 0 0 0 0 0 0 0 0 0 0 0 0 0 0 0 0 0 0 0 "0"
183 0.93 0.675 0.095 0.02 0.005 0 0.02 0.015 0 0 0.16 0.45 0 0 0 0 0 0 0 0 0 0 0 0 0 0 0 0 0 0 0 0 0 0 0 0 0 0 0 0 0 0 0 0 0 0 0 0 0 "0"
184 0.615 0.93 0.675 0.095 0.02 0.005 0 0.02 0.015 0 0 0.16 0.45 0 0 0 0 0 0 0 0 0 0 0 0 0 0 0 0 0 0 0 0 0 0 0 0 0 0 0 0 0 0 0 0 0 0 0 0 "0"
185 0.615 0.93 0.675 0.095 0.02 0.005 0 0.02 0.015 0 0 0.16 0.45 0 0 0 0 0 0 0 0 0 0 0 0 0 0 0 0 0 0 0 0 0 0 0 0 0 0 0 0 0 0 0 0 0 0 0 0 "0"
186 0.295 0.02 0.005 0 0.02 0.015 0 0 0.16 0.45 0 0 0 0 0 0 0 0 0 0 0 0 0 0 0 0 0 0 0 0 0 0 0 0 0 0 0 0 0 0 0 0 0 0 0 0 0 0 0 "0"
187 0.985 0.295 0.02 0.005 0 0.02 0.015 0 0 0.16 0.45 0 0 0 0 0 0 0 0 0 0 0 0 0 0 0 0 0 0 0 0 0 0 0 0 0 0 0 0 0 0 0 0 0 0 0 0 0 0 "0"
188 0.985 0.295 0.02 0.005 0 0.02 0.015 0 0 0.16 0.45 0 0 0 0 0 0 0 0 0 0 0 0 0 0 0 0 0 0 0 0 0 0 0 0 0 0 0 0 0 0 0 0 0 0 0 0 0 0 "0"
189 0.625 0.185 0.005 0 0.02 0.015 0 0 0.16 0.45 0 0 0 0 0 0 0 0 0 0 0 0 0 0 0 0 0 0 0 0 0 0 0 0 0 0 0 0 0 0 0 0 0 0 0 0 0 0 0 "0"
190 0.625 0.185 0.005 0 0.02 0.015 0 0 0.16 0.45 0 0 0 0 0 0 0 0 0 0 0 0 0 0 0 0 0 0 0 0 0 0 0 0 0 0 0 0 0 0 0 0 0 0 0 0 0 0 0 "0"
191 0.73 0.89 1 0.725 0.465 0.185 0.005 0 0.02 0.015 0 0 0.16 0.45 0 0 0 0 0 0 0 0 0 0 0 0 0 0 0 0 0 0 0 0 0 0 0 0 0 0 0 0 0 0 0 0 0 0 0 "0"
192 0.73 0.89 1 0.725 0.465 0.185 0.005 0 0.02 0.015 0 0 0.16 0.45 0 0 0 0 0 0 0 0 0 0 0 0 0 0 0 0 0 0 0 0 0 0 0 0 0 0 0 0 0 0 0 0 0 0 0 "0"
193 0.74 0.89 1 0.725 0.465 0.185 0.005 0 0.02 0.015 0 0 0.16 0.45 0 0 0 0 0 0 0 0 0 0 0 0 0 0 0 0 0 0 0 0 0 0 0 0 0 0 0 0 0 0 0 0 0 0 0 "0"
194 0.74 0.89 1 0.725 0.465 0.185 0.005 0 0.02 0.015 0 0 0.16 0.45 0 0 0 0 0 0 0 0 0 0 0 0 0 0 0 0 0 0 0 0 0 0 0 0 0 0 0 0 0 0 0 0 0 0 0 "0"
195 1 0.725 0.465 0.185 0.005 0 0.02 0.015 0 0 0.16 0.45 0 0 0 0 0 0 0 0 0 0 0 0 0 0 0 0 0 0 0 0 0 0 0 0 0 0 0 0 0 0 0 0 0 0 0 0 0 "0"
196 0.725 0.465 0.185 0.005 0 0.02 0.015 0 0 0.16 0.45 0 0 0 0 0 0 0 0 0 0 0 0 0 0 0 0 0 0 0 0 0 0 0 0 0 0 0 0 0 0 0 0 0 0 0 0 0 0 "0"
197 0.47 0.925 0.465 0.185 0.005 0 0.02 0.015 0 0 0.16 0.45 0 0 0 0 0 0 0 0 0 0 0 0 0 0 0 0 0 0 0 0 0 0 0 0 0 0 0 0 0 0 0 0 0 0 0 0 0 "0"
198 0.47 0.925 0.465 0.185 0.005 0 0.02 0.015 0 0 0.16 0.45 0 0 0 0 0 0 0 0 0 0 0 0 0 0 0 0 0 0 0 0 0 0 0 0 0 0 0 0 0 0 0 0 0 0 0 0 0 "0"
199 0.825 0.925 0.465 0.185 0.005 0 0.02 0.015 0 0 0.16 0.45 0 0 0 0 0 0 0 0 0 0 0 0 0 0 0 0 0 0 0 0 0 0 0 0 0 0 0 0 0 0 0 0 0 0 0 0 0 "0"
200 0.885 0.98 0.825 0.925 0.465 0.185 0.005 0 0.02 0.015 0 0 0.16 0.45 0 0 0 0 0 0 0 0 0 0 0 0 0 0 0 0 0 0 0 0 0 0 0 0 0 0 0 0 0 0 0 0 0 0 0 "0"
201 0.885 0.98 0.825 0.925 0.465 0.185 0.005 0 0.02 0.015 0 0 0.16 0.45 0 0 0 0 0 0 0 0 0 0 0 0 0 0 0 0 0 0 0 0 0 0 0 0 0 0 0 0 0 0 0 0 0 0 0 "0"
202 0.875 0.98 0.825 0.925 0.465 0.185 0.005 0 0.02 0.015 0 0 0.16 0.45 0 0 0 0 0 0 0 0 0 0 0 0 0 0 0 0 0 0 0 0 0 0 0 0 0 0 0 0 0 0 0 0 0 0 0 "0"
203 0.875 0.98 0.825 0.925 0.465 0.185 0.005 0 0.02 0.015 0 0 0.16 0.45 0 0 0 0 0 0 0 0 0 0 0 0 0 0 0 0 0 0 0 0 0 0 0 0 0 0 0 0 0 0 0 0 0 0 0 "0"
204 0.995 0.31 0 0.02 0.015 0 0 0.16 0.45 0 0 0 0 0 0 0 0 0 0 0 0 0 0 0 0 0 0 0 0 0 0 0 0 0 0 0 0 0 0 0 0 0 0 0 0 0 0 0 0 "0"
205 0.995 0.31 0 0.02 0.015 0 0 0.16 0.45 0 0 0 0 0 0 0 0 0 0 0 0 0 0 0 0 0 0 0 0 0 0 0 0 0 0 0 0 0 0 0 0 0 0 0 0 0 0 0 0 "0"
206 0.83 0.475 0.995 0.035 0.31 0 0.02 0.015 0 0 0.16 0.45 0 0 0 0 0 0 0 0 0 0 0 0 0 0 0 0 0 0 0 0 0 0 0 0 0 0 0 0 0 0 0 0 0 0 0 0 0 "0"
207 0.83 0.475 0.995 0.035 0.31 0 0.02 0.015 0 0 0.16 0.45 0 0 0 0 0 0 0 0 0 0 0 0 0 0 0 0 0 0 0 0 0 0 0 0 0 0 0 0 0 0 0 0 0 0 0 0 0 "0"
208 0.475 0.995 0.035 0.31 0 0.02 0.015 0 0 0.16 0.45 0 0 0 0 0 0 0 0 0 0 0 0 0 0 0 0 0 0 0 0 0 0 0 0 0 0 0 0 0 0 0 0 0 0 0 0 0 0 "0"
209 0.525 0.995 0.035 0.31 0 0.02 0.015 0 0 0.16 0.45 0 0 0 0 0 0 0 0 0 0 0 0 0 0 0 0 0 0 0 0 0 0 0 0 0 0 0 0 0 0 0 0 0 0 0 0 0 0 "0"
210 0.525 0.995 0.035 0.31 0 0.02 0.015 0 0 0.16 0.45 0 0 0 0 0 0 0 0 0 0 0 0 0 0 0 0 0 0 0 0 0 0 0 0 0 0 0 0 0 0 0 0 0 0 0 0 0 0 "0"
211 0.345 0.115 0.075 0.035 0.31 0 0.02 0.015 0 0 0.16 0.45 0 0 0 0 0 0 0 0 0 0 0 0 0 0 0 0 0 0 0 0 0 0 0 0 0 0 0 0 0 0 0 0 0 0 0 0 0 "0"
212 0.345 0.115 0.075 0.035 0.31 0 0.02 0.015 0 0 0.16 0.45 0 0 0 0 0 0 0 0 0 0 0 0 0 0 0 0 0 0 0 0 0 0 0 0 0 0 0 0 0 0 0 0 0 0 0 0 0 "0"
213 0.115 0.075 0.035 0.31 0 0.02 0.015 0 0 0.16 0.45 0 0 0 0 0 0 0 0 0 0 0 0 0 0 0 0 0 0 0 0 0 0 0 0 0 0 0 0 0 0 0 0 0 0 0 0 0 0 "0"
214 0.355 0.19 0 0 0.995 0.075 0.035 0.31 0 0.02 0.015 0 0 0.16 0.45 0 0 0 0 0 0 0 0 0 0 0 0 0 0 0 0 0 0 0 0 0 0 0 0 0 0 0 0 0 0 0 0 0 0 "0"
215 0.355 0.19 0 0 0.995 0.075 0.035 0.31 0 0.02 0.015 0 0 0.16 0.45 0 0 0 0 0 0 0 0 0 0 0 0 0 0 0 0 0 0 0 0 0 0 0 0 0 0 0 0 0 0 0 0 0 0 "0"
216 0.19 0 0 0.995 0.075 0.035 0.31 0 0.02 0.015 0 0 0.16 0.45 0 0 0 0 0 0 0 0 0 0 0 0 0 0 0 0 0 0 0 0 0 0 0 0 0 0 0 0 0 0 0 0 0 0 0 "0"
217 0 0 0.995 0.075 0.035 0.31 0 0.02 0.015 0 0 0.16 0.45 0 0 0 0 0 0 0 0 0 0 0 0 0 0 0 0 0 0 0 0 0 0 0 0 0 0 0 0 0 0 0 0 0 0 0 0 "0"
218 0 0.995 0.075 0.035 0.31 0 0.02 0.015 0 0 0.16 0.45 0 0 0 0 0 0 0 0 0 0 0 0 0 0 0 0 0 0 0 0 0 0 0 0 0 0 0 0 0 0 0 0 0 0 0 0 0 "0"
219 0.12 0.345 0 0.995 0.075 0.035 0.31 0 0.02 0.015 0 0 0.16 0.45 0 0 0 0 0 0 0 0 0 0 0 0 0 0 0 0 0 0 0 0 0 0 0 0 0 0 0 0 0 0 0 0 0 0 0 "0"
220 0.12 0.345 0 0.995 0.075 0.035 0.31 0 0.02 0.015 0 0 0.16 0.45 0 0 0 0 0 0 0 0 0 0 0 0 0 0 0 0 0 0 0 0 0 0 0 0 0 0 0 0 0 0 0 0 0 0 0 "0"
221 0.695 0.345 0 0.995 0.075 0.035 0.31 0 0.02 0.015 0 0 0.16 0.45 0 0 0 0 0 0 0 0 0 0 0 0 0 0 0 0 0 0 0 0 0 0 0 0 0 0 0 0 0 0 0 0 0 0 0 "0"
222 0.695 0.345 0 0.995 0.075 0.035 0.31 0 0.02 0.015 0 0 0.16 0.45 0 0 0 0 0 0 0 0 0 0 0 0 0 0 0 0 0 0 0 0 0 0 0 0 0 0 0 0 0 0 0 0 0 0 0 "0"
223 0.11 0.13 0.17 0.01 0 0.995 0.075 0.035 0.31 0 0.02 0.015 0 0 0.16 0.45 0 0 0 0 0 0 0 0 0 0 0 0 0 0 0 0 0 0 0 0 0 0 0 0 0 0 0 0 0 0 0 0 0 "0"
224 0.11 0.13 0.17 0.01 0 0.995 0.075 0.035 0.31 0 0.02 0.015 0 0 0.16 0.45 0 0 0 0 0 0 0 0 0 0 0 0 0 0 0 0 0 0 0 0 0 0 0 0 0 0 0 0 0 0 0 0 0 "0"
225 0.13 0.17 0.01 0 0.995 0.075 0.035 0.31 0 0.02 0.015 0 0 0.16 0.45 0 0 0 0 0 0 0 0 0 0 0 0 0 0 0 0 0 0 0 0 0 0 0 0 0 0 0 0 0 0 0 0 0 0 "0"
226 0.79 0.17 0.01 0 0.995 0.075 0.035 0.31 0 0.02 0.015 0 0 0.16 0.45 0 0 0 0 0 0 0 0 0 0 0 0 0 0 0 0 0 0 0 0 0 0 0 0 0 0 0 0 0 0 0 0 0 0 "0"
227 0.79 0.17 0.01 0 0.995 0.075 0.035 0.31 0 0.02 0.015 0 0 0.16 0.45 0 0 0 0 0 0 0 0 0 0 0 0 0 0 0 0 0 0 0 0 0 0 0 0 0 0 0 0 0 0 0 0 0 0 "0"
228 0.04 0.01 0 0.995 0.075 0.035 0.31 0 0.02 0.015 0 0 0.16 0.45 0 0 0 0 0 0 0 0 0 0 0 0 0 0 0 0 0 0 0 0 0 0 0 0 0 0 0 0 0 0 0 0 0 0 0 "0"
229 0.05 0.65 0.095 0.03 0.04 0.01 0 0.995 0.075 0.035 0.31 0 0.02 0.015 0 0 0.16 0.45 0 0 0 0 0 0 0 0 0 0 0 0 0 0 0 0 0 0 0 0 0 0 0 0 0 0 0 0 0 0 0 "0"
230 0.05 0.65 0.095 0.03 0.04 0.01 0 0.995 0.075 0.035 0.31 0 0.02 0.015 0 0 0.16 0.45 0 0 0 0 0 0 0 0 0 0 0 0 0 0 0 0 0 0 0 0 0 0 0 0 0 0 0 0 0 0 0 "0"
231 0.65 0.095 0.03 0.04 0.01 0 0.995 0.075 0.035 0.31 0 0.02 0.015 0 0 0.16 0.45 0 0 0 0 0 0 0 0 0 0 0 0 0 0 0 0 0 0 0 0 0 0 0 0 0 0 0 0 0 0 0 0 "0"
232 0.095 0.03 0.04 0.01 0 0.995 0.075 0.035 0.31 0 0.02 0.015 0 0 0.16 0.45 0 0 0 0 0 0 0 0 0 0 0 0 0 0 0 0 0 0 0 0 0 0 0 0 0 0 0 0 0 0 0 0 0 "0"
233 0.855 0.105 0.11 0.01 0.03 0.04 0.01 0 0.995 0.075 0.035 0.31 0 0.02 0.015 0 0 0.16 0.45 0 0 0 0 0 0 0 0 0 0 0 0 0 0 0 0 0 0 0 0 0 0 0 0 0 0 0 0 0 0 "0"
234 0.855 0.105 0.11 0.01 0.03 0.04 0.01 0 0.995 0.075 0.035 0.31 0 0.02 0.015 0 0 0.16 0.45 0 0 0 0 0 0 0 0 0 0 0 0 0 0 0 0 0 0 0 0 0 0 0 0 0 0 0 0 0 0 "0"
235 0.065 0.105 0.11 0.01 0.03 0.04 0.01 0 0.995 0.075 0.035 0.31 0 0.02 0.015 0 0 0.16 0.45 0 0 0 0 0 0 0 0 0 0 0 0 0 0 0 0 0 0 0 0 0 0 0 0 0 0 0 0 0 0 "0"
236 0.065 0.105 0.11 0.01 0.03 0.04 0.01 0 0.995 0.075 0.035 0.31 0 0.02 0.015 0 0 0.16 0.45 0 0 0 0 0 0 0 0 0 0 0 0 0 0 0 0 0 0 0 0 0 0 0 0 0 0 0 0 0 0 "0"
237 0.11 0.01 0.03 0.04 0.01 0 0.995 0.075 0.035 0.31 0 0.02 0.015 0 0 0.16 0.45 0 0 0 0 0 0 0 0 0 0 0 0 0 0 0 0 0 0 0 0 0 0 0 0 0 0 0 0 0 0 0 0 "0"
238 0.675 0.605 0.01 0.03 0.04 0.01 0 0.995 0.075 0.035 0.31 0 0.02 0.015 0 0 0.16 0.45 0 0 0 0 0 0 0 0 0 0 0 0 0 0 0 0 0 0 0 0 0 0 0 0 0 0 0 0 0 0 0 "0"
239 0.675 0.605 0.01 0.03 0.04 0.01 0 0.995 0.075 0.035 0.31 0 0.02 0.015 0 0 0.16 0.45 0 0 0 0 0 0 0 0 0 0 0 0 0 0 0 0 0 0 0 0 0 0 0 0 0 0 0 0 0 0 0 "0"
240 0.495 0.605 0.01 0.03 0.04 0.01 0 0.995 0.075 0.035 0.31 0 0.02 0.015 0 0 0.16 0.45 0 0 0 0 0 0 0 0 0 0 0 0 0 0 0 0 0 0 0 0 0 0 0 0 0 0 0 0 0 0 0 "0"
241 0.45 0.495 0.605 0.01 0.03 0.04 0.01 0 0.995 0.075 0.035 0.31 0 0.02 0.015 0 0 0.16 0.45 0 0 0 0 0 0 0 0 0 0 0 0 0 0 0 0 0 0 0 0 0 0 0 0 0 0 0 0 0 0 "0"
242 0.29 0.45 0.495 0.605 0.01 0.03 0.04 0.01 0 0.995 0.075 0.035 0.31 0 0.02 0.015 0 0 0.16 0.45 0 0 0 0 0 0 0 0 0 0 0 0 0 0 0 0 0 0 0 0 0 0 0 0 0 0 0 0 0 "0"
243 0.515 0.29 0.45 0.495 0.605 0.01 0.03 0.04 0.01 0 0.995 0.075 0.035 0.31 0 0.02 0.015 0 0 0.16 0.45 0 0 0 0 0 0 0 0 0 0 0 0 0 0 0 0 0 0 0 0 0 0 0 0 0 0 0 0 "0"
244 0.985 0.515 0.29 0.45 0.495 0.605 0.01 0.03 0.04 0.01 0 0.995 0.075 0.035 0.31 0 0.02 0.015 0 0 0.16 0.45 0 0 0 0 0 0 0 0 0 0 0 0 0 0 0 0 0 0 0 0 0 0 0 0 0 0 0 "0"
245 0.345 0.985 0.515 0.29 0.45 0.495 0.605 0.01 0.03 0.04 0.01 0 0.995 0.075 0.035 0.31 0 0.02 0.015 0 0 0.16 0.45 0 0 0 0 0 0 0 0 0 0 0 0 0 0 0 0 0 0 0 0 0 0 0 0 0 0 "0"
246 0.345 0.985 0.515 0.29 0.45 0.495 0.605 0.01 0.03 0.04 0.01 0 0.995 0.075 0.035 0.31 0 0.02 0.015 0 0 0.16 0.45 0 0 0 0 0 0 0 0 0 0 0 0 0 0 0 0 0 0 0 0 0 0 0 0 0 0 "0"
247 0 0.16 0.45 0 0 0 0 0 0 0 0 0 0 0 0 0 0 0 0 0 0 0 0 0 0 0 0 0 0 0 0 0 0 0 0 0 0 0 0 0 0 0 0 0 0 0 0 0 0 "0"
248 1 0.66 0.88 0.225 0 0.03 0 0.16 0.45 0 0 0 0 0 0 0 0 0 0 0 0 0 0 0 0 0 0 0 0 0 0 0 0 0 0 0 0 0 0 0 0 0 0 0 0 0 0 0 0 "0"
249 1 0.66 0.88 0.225 0 0.03 0 0.16 0.45 0 0 0 0 0 0 0 0 0 0 0 0 0 0 0 0 0 0 0 0 0 0 0 0 0 0 0 0 0 0 0 0 0 0 0 0 0 0 0 0 "0"
250 1 0.66 0.88 0.225 0 0.03 0 0.16 0.45 0 0 0 0 0 0 0 0 0 0 0 0 0 0 0 0 0 0 0 0 0 0 0 0 0 0 0 0 0 0 0 0 0 0 0 0 0 0 0 0 "0"
251 1 0.66 0.88 0.225 0 0.03 0 0.16 0.45 0 0 0 0 0 0 0 0 0 0 0 0 0 0 0 0 0 0 0 0 0 0 0 0 0 0 0 0 0 0 0 0 0 0 0 0 0 0 0 0 "0"
252 0.88 0.225 0 0.03 0 0.16 0.45 0 0 0 0 0 0 0 0 0 0 0 0 0 0 0 0 0 0 0 0 0 0 0 0 0 0 0 0 0 0 0 0 0 0 0 0 0 0 0 0 0 0 "0"
253 0.225 0 0.03 0 0.16 0.45 0 0 0 0 0 0 0 0 0 0 0 0 0 0 0 0 0 0 0 0 0 0 0 0 0 0 0 0 0 0 0 0 0 0 0 0 0 0 0 0 0 0 0 "0"
254 0.07 0 0.03 0 0.16 0.45 0 0 0 0 0 0 0 0 0 0 0 0 0 0 0 0 0 0 0 0 0 0 0 0 0 0 0 0 0 0 0 0 0 0 0 0 0 0 0 0 0 0 0 "0"
255 0.07 0 0.03 0 0.16 0.45 0 0 0 0 0 0 0 0 0 0 0 0 0 0 0 0 0 0 0 0 0 0 0 0 0 0 0 0 0 0 0 0 0 0 0 0 0 0 0 0 0 0 0 "0"
256 0.94 0.06 0.03 0 0.16 0.45 0 0 0 0 0 0 0 0 0 0 0 0 0 0 0 0 0 0 0 0 0 0 0 0 0 0 0 0 0 0 0 0 0 0 0 0 0 0 0 0 0 0 0 "0"
257 0.94 0.06 0.03 0 0.16 0.45 0 0 0 0 0 0 0 0 0 0 0 0 0 0 0 0 0 0 0 0 0 0 0 0 0 0 0 0 0 0 0 0 0 0 0 0 0 0 0 0 0 0 0 "0"
258 0.475 0.06 0.03 0 0.16 0.45 0 0 0 0 0 0 0 0 0 0 0 0 0 0 0 0 0 0 0 0 0 0 0 0 0 0 0 0 0 0 0 0 0 0 0 0 0 0 0 0 0 0 0 "0"
259 0.475 0.06 0.03 0 0.16 0.45 0 0 0 0 0 0 0 0 0 0 0 0 0 0 0 0 0 0 0 0 0 0 0 0 0 0 0 0 0 0 0 0 0 0 0 0 0 0 0 0 0 0 0 "0"
260 0.085 0.035 0.085 0.095 0 0.16 0.45 0 0 0 0 0 0 0 0 0 0 0 0 0 0 0 0 0 0 0 0 0 0 0 0 0 0 0 0 0 0 0 0 0 0 0 0 0 0 0 0 0 0 "0"
261 0.085 0.035 0.085 0.095 0 0.16 0.45 0 0 0 0 0 0 0 0 0 0 0 0 0 0 0 0 0 0 0 0 0 0 0 0 0 0 0 0 0 0 0 0 0 0 0 0 0 0 0 0 0 0 "0"
262 0.035 0.085 0.095 0 0.16 0.45 0 0 0 0 0 0 0 0 0 0 0 0 0 0 0 0 0 0 0 0 0 0 0 0 0 0 0 0 0 0 0 0 0 0 0 0 0 0 0 0 0 0 0 "0"
263 0.085 0.095 0 0.16 0.45 0 0 0 0 0 0 0 0 0 0 0 0 0 0 0 0 0 0 0 0 0 0 0 0 0 0 0 0 0 0 0 0 0 0 0 0 0 0 0 0 0 0 0 0 "0"
264 0.08 0.63 0.625 0.95 0.7 0.34 0.345 0.345 0.59 0.745 0.03 0.01 0.02 0.085 0.095 0 0.16 0.45 0 0 0 0 0 0 0 0 0 0 0 0 0 0 0 0 0 0 0 0 0 0 0 0 0 0 0 0 0 0 0 "0"
265 0.08 0.63 0.625 0.95 0.7 0.34 0.345 0.345 0.59 0.745 0.03 0.01 0.02 0.085 0.095 0 0.16 0.45 0 0 0 0 0 0 0 0 0 0 0 0 0 0 0 0 0 0 0 0 0 0 0 0 0 0 0 0 0 0 0 "0"
266 0.63 0.625 0.95 0.7 0.34 0.345 0.345 0.59 0.745 0.03 0.01 0.02 0.085 0.095 0 0.16 0.45 0 0 0 0 0 0 0 0 0 0 0 0 0 0 0 0 0 0 0 0 0 0 0 0 0 0 0 0 0 0 0 0 "0"
267 0.625 0.95 0.7 0.34 0.345 0.345 0.59 0.745 0.03 0.01 0.02 0.085 0.095 0 0.16 0.45 0 0 0 0 0 0 0 0 0 0 0 0 0 0 0 0 0 0 0 0 0 0 0 0 0 0 0 0 0 0 0 0 0 "0"
268 0.95 0.7 0.34 0.345 0.345 0.59 0.745 0.03 0.01 0.02 0.085 0.095 0 0.16 0.45 0 0 0 0 0 0 0 0 0 0 0 0 0 0 0 0 0 0 0 0 0 0 0 0 0 0 0 0 0 0 0 0 0 0 "0"
269 0.935 0.7 0.34 0.345 0.345 0.59 0.745 0.03 0.01 0.02 0.085 0.095 0 0.16 0.45 0 0 0 0 0 0 0 0 0 0 0 0 0 0 0 0 0 0 0 0 0 0 0 0 0 0 0 0 0 0 0 0 0 0 "0"
270 0.935 0.7 0.34 0.345 0.345 0.59 0.745 0.03 0.01 0.02 0.085 0.095 0 0.16 0.45 0 0 0 0 0 0 0 0 0 0 0 0 0 0 0 0 0 0 0 0 0 0 0 0 0 0 0 0 0 0 0 0 0 0 "0"
271 1 0.34 0.345 0.345 0.59 0.745 0.03 0.01 0.02 0.085 0.095 0 0.16 0.45 0 0 0 0 0 0 0 0 0 0 0 0 0 0 0 0 0 0 0 0 0 0 0 0 0 0 0 0 0 0 0 0 0 0 0 "0"
272 0.675 1 0.34 0.345 0.345 0.59 0.745 0.03 0.01 0.02 0.085 0.095 0 0.16 0.45 0 0 0 0 0 0 0 0 0 0 0 0 0 0 0 0 0 0 0 0 0 0 0 0 0 0 0 0 0 0 0 0 0 0 "0"
273 0.675 1 0.34 0.345 0.345 0.59 0.745 0.03 0.01 0.02 0.085 0.095 0 0.16 0.45 0 0 0 0 0 0 0 0 0 0 0 0 0 0 0 0 0 0 0 0 0 0 0 0 0 0 0 0 0 0 0 0 0 0 "0"
274 0.91 0.345 0.345 0.59 0.745 0.03 0.01 0.02 0.085 0.095 0 0.16 0.45 0 0 0 0 0 0 0 0 0 0 0 0 0 0 0 0 0 0 0 0 0 0 0 0 0 0 0 0 0 0 0 0 0 0 0 0 "0"
275 0.85 0.91 0.345 0.345 0.59 0.745 0.03 0.01 0.02 0.085 0.095 0 0.16 0.45 0 0 0 0 0 0 0 0 0 0 0 0 0 0 0 0 0 0 0 0 0 0 0 0 0 0 0 0 0 0 0 0 0 0 0 "0"
276 0.85 0.91 0.345 0.345 0.59 0.745 0.03 0.01 0.02 0.085 0.095 0 0.16 0.45 0 0 0 0 0 0 0 0 0 0 0 0 0 0 0 0 0 0 0 0 0 0 0 0 0 0 0 0 0 0 0 0 0 0 0 "0"
277 0.345 0.59 0.745 0.03 0.01 0.02 0.085 0.095 0 0.16 0.45 0 0 0 0 0 0 0 0 0 0 0 0 0 0 0 0 0 0 0 0 0 0 0 0 0 0 0 0 0 0 0 0 0 0 0 0 0 0 "0"
278 0.98 0.59 0.745 0.03 0.01 0.02 0.085 0.095 0 0.16 0.45 0 0 0 0 0 0 0 0 0 0 0 0 0 0 0 0 0 0 0 0 0 0 0 0 0 0 0 0 0 0 0 0 0 0 0 0 0 0 "0"
279 0.645 0.98 0.59 0.745 0.03 0.01 0.02 0.085 0.095 0 0.16 0.45 0 0 0 0 0 0 0 0 0 0 0 0 0 0 0 0 0 0 0 0 0 0 0 0 0 0 0 0 0 0 0 0 0 0 0 0 0 "0"
280 0.42 0.645 0.98 0.59 0.745 0.03 0.01 0.02 0.085 0.095 0 0.16 0.45 0 0 0 0 0 0 0 0 0 0 0 0 0 0 0 0 0 0 0 0 0 0 0 0 0 0 0 0 0 0 0 0 0 0 0 0 "0"
281 0.05 0.42 0.645 0.98 0.59 0.745 0.03 0.01 0.02 0.085 0.095 0 0.16 0.45 0 0 0 0 0 0 0 0 0 0 0 0 0 0 0 0 0 0 0 0 0 0 0 0 0 0 0 0 0 0 0 0 0 0 0 "0"
282 0.05 0.42 0.645 0.98 0.59 0.745 0.03 0.01 0.02 0.085 0.095 0 0.16 0.45 0 0 0 0 0 0 0 0 0 0 0 0 0 0 0 0 0 0 0 0 0 0 0 0 0 0 0 0 0 0 0 0 0 0 0 "0"
283 0.78 0.745 0.03 0.01 0.02 0.085 0.095 0 0.16 0.45 0 0 0 0 0 0 0 0 0 0 0 0 0 0 0 0 0 0 0 0 0 0 0 0 0 0 0 0 0 0 0 0 0 0 0 0 0 0 0 "0"
284 0.995 0.78 0.745 0.03 0.01 0.02 0.085 0.095 0 0.16 0.45 0 0 0 0 0 0 0 0 0 0 0 0 0 0 0 0 0 0 0 0 0 0 0 0 0 0 0 0 0 0 0 0 0 0 0 0 0 0 "0"
285 0.16 0.995 0.78 0.745 0.03 0.01 0.02 0.085 0.095 0 0.16 0.45 0 0 0 0 0 0 0 0 0 0 0 0 0 0 0 0 0 0 0 0 0 0 0 0 0 0 0 0 0 0 0 0 0 0 0 0 0 "0"
286 0.43 0.16 0.995 0.78 0.745 0.03 0.01 0.02 0.085 0.095 0 0.16 0.45 0 0 0 0 0 0 0 0 0 0 0 0 0 0 0 0 0 0 0 0 0 0 0 0 0 0 0 0 0 0 0 0 0 0 0 0 "0"
287 0.38 0.43 0.16 0.995 0.78 0.745 0.03 0.01 0.02 0.085 0.095 0 0.16 0.45 0 0 0 0 0 0 0 0 0 0 0 0 0 0 0 0 0 0 0 0 0 0 0 0 0 0 0 0 0 0 0 0 0 0 0 "0"
288 0.38 0.43 0.16 0.995 0.78 0.745 0.03 0.01 0.02 0.085 0.095 0 0.16 0.45 0 0 0 0 0 0 0 0 0 0 0 0 0 0 0 0 0 0 0 0 0 0 0 0 0 0 0 0 0 0 0 0 0 0 0 "0"
289 0.245 0.03 0.01 0.02 0.085 0.095 0 0.16 0.45 0 0 0 0 0 0 0 0 0 0 0 0 0 0 0 0 0 0 0 0 0 0 0 0 0 0 0 0 0 0 0 0 0 0 0 0 0 0 0 0 "0"
290 0.245 0.03 0.01 0.02 0.085 0.095 0 0.16 0.45 0 0 0 0 0 0 0 0 0 0 0 0 0 0 0 0 0 0 0 0 0 0 0 0 0 0 0 0 0 0 0 0 0 0 0 0 0 0 0 0 "0"
291 0.01 0.02 0.085 0.095 0 0.16 0.45 0 0 0 0 0 0 0 0 0 0 0 0 0 0 0 0 0 0 0 0 0 0 0 0 0 0 0 0 0 0 0 0 0 0 0 0 0 0 0 0 0 0 "0"
292 0.465 0.02 0.085 0.095 0 0.16 0.45 0 0 0 0 0 0 0 0 0 0 0 0 0 0 0 0 0 0 0 0 0 0 0 0 0 0 0 0 0 0 0 0 0 0 0 0 0 0 0 0 0 0 "0"
293 0.465 0.02 0.085 0.095 0 0.16 0.45 0 0 0 0 0 0 0 0 0 0 0 0 0 0 0 0 0 0 0 0 0 0 0 0 0 0 0 0 0 0 0 0 0 0 0 0 0 0 0 0 0 0 "0"
294 0.885 0.54 0.99 0.305 0.61 0.19 0.36 0.15 0.085 0.095 0 0.16 0.45 0 0 0 0 0 0 0 0 0 0 0 0 0 0 0 0 0 0 0 0 0 0 0 0 0 0 0 0 0 0 0 0 0 0 0 0 "0"
295 0.885 0.54 0.99 0.305 0.61 0.19 0.36 0.15 0.085 0.095 0 0.16 0.45 0 0 0 0 0 0 0 0 0 0 0 0 0 0 0 0 0 0 0 0 0 0 0 0 0 0 0 0 0 0 0 0 0 0 0 0 "0"
296 0.075 0.54 0.99 0.305 0.61 0.19 0.36 0.15 0.085 0.095 0 0.16 0.45 0 0 0 0 0 0 0 0 0 0 0 0 0 0 0 0 0 0 0 0 0 0 0 0 0 0 0 0 0 0 0 0 0 0 0 0 "0"
297 0.075 0.54 0.99 0.305 0.61 0.19 0.36 0.15 0.085 0.095 0 0.16 0.45 0 0 0 0 0 0 0 0 0 0 0 0 0 0 0 0 0 0 0 0 0 0 0 0 0 0 0 0 0 0 0 0 0 0 0 0 "0"
298 0.99 0.305 0.61 0.19 0.36 0.15 0.085 0.095 0 0.16 0.45 0 0 0 0 0 0 0 0 0 0 0 0 0 0 0 0 0 0 0 0 0 0 0 0 0 0 0 0 0 0 0 0 0 0 0 0 0 0 "0"
299 0.305 0.61 0.19 0.36 0.15 0.085 0.095 0 0.16 0.45 0 0 0 0 0 0 0 0 0 0 0 0 0 0 0 0 0 0 0 0 0 0 0 0 0 0 0 0 0 0 0 0 0 0 0 0 0 0 0 "0"
300 0.61 0.19 0.36 0.15 0.085 0.095 0 0.16 0.45 0 0 0 0 0 0 0 0 0 0 0 0 0 0 0 0 0 0 0 0 0 0 0 0 0 0 0 0 0 0 0 0 0 0 0 0 0 0 0 0 "0"
301 0.99 0.19 0.36 0.15 0.085 0.095 0 0.16 0.45 0 0 0 0 0 0 0 0 0 0 0 0 0 0 0 0 0 0 0 0 0 0 0 0 0 0 0 0 0 0 0 0 0 0 0 0 0 0 0 0 "0"
302 0.395 0.99 0.19 0.36 0.15 0.085 0.095 0 0.16 0.45 0 0 0 0 0 0 0 0 0 0 0 0 0 0 0 0 0 0 0 0 0 0 0 0 0 0 0 0 0 0 0 0 0 0 0 0 0 0 0 "0"
303 0.395 0.99 0.19 0.36 0.15 0.085 0.095 0 0.16 0.45 0 0 0 0 0 0 0 0 0 0 0 0 0 0 0 0 0 0 0 0 0 0 0 0 0 0 0 0 0 0 0 0 0 0 0 0 0 0 0 "0"
304 1 0.36 0.15 0.085 0.095 0 0.16 0.45 0 0 0 0 0 0 0 0 0 0 0 0 0 0 0 0 0 0 0 0 0 0 0 0 0 0 0 0 0 0 0 0 0 0 0 0 0 0 0 0 0 "0"
305 0.75 1 0.36 0.15 0.085 0.095 0 0.16 0.45 0 0 0 0 0 0 0 0 0 0 0 0 0 0 0 0 0 0 0 0 0 0 0 0 0 0 0 0 0 0 0 0 0 0 0 0 0 0 0 0 "0"
306 0.75 1 0.36 0.15 0.085 0.095 0 0.16 0.45 0 0 0 0 0 0 0 0 0 0 0 0 0 0 0 0 0 0 0 0 0 0 0 0 0 0 0 0 0 0 0 0 0 0 0 0 0 0 0 0 "0"
307 0.075 0.15 0.085 0.095 0 0.16 0.45 0 0 0 0 0 0 0 0 0 0 0 0 0 0 0 0 0 0 0 0 0 0 0 0 0 0 0 0 0 0 0 0 0 0 0 0 0 0 0 0 0 0 "0"
308 0.15 0.075 0.15 0.085 0.095 0 0.16 0.45 0 0 0 0 0 0 0 0 0 0 0 0 0 0 0 0 0 0 0 0 0 0 0 0 0 0 0 0 0 0 0 0 0 0 0 0 0 0 0 0 0 "0"
309 0.975 0.15 0.075 0.15 0.085 0.095 0 0.16 0.45 0 0 0 0 0 0 0 0 0 0 0 0 0 0 0 0 0 0 0 0 0 0 0 0 0 0 0 0 0 0 0 0 0 0 0 0 0 0 0 0 "0"
310 0.085 0.975 0.15 0.075 0.15 0.085 0.095 0 0.16 0.45 0 0 0 0 0 0 0 0 0 0 0 0 0 0 0 0 0 0 0 0 0 0 0 0 0 0 0 0 0 0 0 0 0 0 0 0 0 0 0 "0"
311 0.12 0.085 0.975 0.15 0.075 0.15 0.085 0.095 0 0.16 0.45 0 0 0 0 0 0 0 0 0 0 0 0 0 0 0 0 0 0 0 0 0 0 0 0 0 0 0 0 0 0 0 0 0 0 0 0 0 0 "0"
312 0.055 0.12 0.085 0.975 0.15 0.075 0.15 0.085 0.095 0 0.16 0.45 0 0 0 0 0 0 0 0 0 0 0 0 0 0 0 0 0 0 0 0 0 0 0 0 0 0 0 0 0 0 0 0 0 0 0 0 0 "0"
313 0.9 0.17 0.68 0.11 0.055 0.12 0.085 0.975 0.15 0.075 0.15 0.085 0.095 0 0.16 0.45 0 0 0 0 0 0 0 0 0 0 0 0 0 0 0 0 0 0 0 0 0 0 0 0 0 0 0 0 0 0 0 0 0 "0"
314 0.9 0.17 0.68 0.11 0.055 0.12 0.085 0.975 0.15 0.075 0.15 0.085 0.095 0 0.16 0.45 0 0 0 0 0 0 0 0 0 0 0 0 0 0 0 0 0 0 0 0 0 0 0 0 0 0 0 0 0 0 0 0 0 "0"
315 0.17 0.68 0.11 0.055 0.12 0.085 0.975 0.15 0.075 0.15 0.085 0.095 0 0.16 0.45 0 0 0 0 0 0 0 0 0 0 0 0 0 0 0 0 0 0 0 0 0 0 0 0 0 0 0 0 0 0 0 0 0 0 "0"
316 0.68 0.11 0.055 0.12 0.085 0.975 0.15 0.075 0.15 0.085 0.095 0 0.16 0.45 0 0 0 0 0 0 0 0 0 0 0 0 0 0 0 0 0 0 0 0 0 0 0 0 0 0 0 0 0 0 0 0 0 0 0 "0"
317 0 0.655 0.05 0.11 0.055 0.12 0.085 0.975 0.15 0.075 0.15 0.085 0.095 0 0.16 0.45 0 0 0 0 0 0 0 0 0 0 0 0 0 0 0 0 0 0 0 0 0 0 0 0 0 0 0 0 0 0 0 0 0 "0"
318 0 0.655 0.05 0.11 0.055 0.12 0.085 0.975 0.15 0.075 0.15 0.085 0.095 0 0.16 0.45 0 0 0 0 0 0 0 0 0 0 0 0 0 0 0 0 0 0 0 0 0 0 0 0 0 0 0 0 0 0 0 0 0 "0"
319 0.655 0.05 0.11 0.055 0.12 0.085 0.975 0.15 0.075 0.15 0.085 0.095 0 0.16 0.45 0 0 0 0 0 0 0 0 0 0 0 0 0 0 0 0 0 0 0 0 0 0 0 0 0 0 0 0 0 0 0 0 0 0 "0"
320 0.965 0.11 0.05 0.11 0.055 0.12 0.085 0.975 0.15 0.075 0.15 0.085 0.095 0 0.16 0.45 0 0 0 0 0 0 0 0 0 0 0 0 0 0 0 0 0 0 0 0 0 0 0 0 0 0 0 0 0 0 0 0 0 "0"
321 0.965 0.11 0.05 0.11 0.055 0.12 0.085 0.975 0.15 0.075 0.15 0.085 0.095 0 0.16 0.45 0 0 0 0 0 0 0 0 0 0 0 0 0 0 0 0 0 0 0 0 0 0 0 0 0 0 0 0 0 0 0 0 0 "0"
322 0.245 0.11 0.05 0.11 0.055 0.12 0.085 0.975 0.15 0.075 0.15 0.085 0.095 0 0.16 0.45 0 0 0 0 0 0 0 0 0 0 0 0 0 0 0 0 0 0 0 0 0 0 0 0 0 0 0 0 0 0 0 0 0 "0"
323 0.435 0.245 0.245 0.11 0.05 0.11 0.055 0.12 0.085 0.975 0.15 0.075 0.15 0.085 0.095 0 0.16 0.45 0 0 0 0 0 0 0 0 0 0 0 0 0 0 0 0 0 0 0 0 0 0 0 0 0 0 0 0 0 0 0 "0"
324 0.435 0.245 0.245 0.11 0.05 0.11 0.055 0.12 0.085 0.975 0.15 0.075 0.15 0.085 0.095 0 0.16 0.45 0 0 0 0 0 0 0 0 0 0 0 0 0 0 0 0 0 0 0 0 0 0 0 0 0 0 0 0 0 0 0 "0"
325 0.365 0.245 0.245 0.11 0.05 0.11 0.055 0.12 0.085 0.975 0.15 0.075 0.15 0.085 0.095 0 0.16 0.45 0 0 0 0 0 0 0 0 0 0 0 0 0 0 0 0 0 0 0 0 0 0 0 0 0 0 0 0 0 0 0 "0"
326 0.975 0.365 0.245 0.245 0.11 0.05 0.11 0.055 0.12 0.085 0.975 0.15 0.075 0.15 0.085 0.095 0 0.16 0.45 0 0 0 0 0 0 0 0 0 0 0 0 0 0 0 0 0 0 0 0 0 0 0 0 0 0 0 0 0 0 "0"
327 0.975 0.365 0.245 0.245 0.11 0.05 0.11 0.055 0.12 0.085 0.975 0.15 0.075 0.15 0.085 0.095 0 0.16 0.45 0 0 0 0 0 0 0 0 0 0 0 0 0 0 0 0 0 0 0 0 0 0 0 0 0 0 0 0 0 0 "0"
328 0.655 0.56 0.85 0.625 0.66 0.45 0 0 0 0 0 0 0 0 0 0 0 0 0 0 0 0 0 0 0 0 0 0 0 0 0 0 0 0 0 0 0 0 0 0 0 0 0 0 0 0 0 0 0 "0"
329 0.655 0.56 0.85 0.625 0.66 0.45 0 0 0 0 0 0 0 0 0 0 0 0 0 0 0 0 0 0 0 0 0 0 0 0 0 0 0 0 0 0 0 0 0 0 0 0 0 0 0 0 0 0 0 "0"
330 0.56 0.85 0.625 0.66 0.45 0 0 0 0 0 0 0 0 0 0 0 0 0 0 0 0 0 0 0 0 0 0 0 0 0 0 0 0 0 0 0 0 0 0 0 0 0 0 0 0 0 0 0 0 "0"
331 0.92 0.85 0.625 0.66 0.45 0 0 0 0 0 0 0 0 0 0 0 0 0 0 0 0 0 0 0 0 0 0 0 0 0 0 0 0 0 0 0 0 0 0 0 0 0 0 0 0 0 0 0 0 "0"
332 0.92 0.85 0.625 0.66 0.45 0 0 0 0 0 0 0 0 0 0 0 0 0 0 0 0 0 0 0 0 0 0 0 0 0 0 0 0 0 0 0 0 0 0 0 0 0 0 0 0 0 0 0 0 "0"
333 0.625 0.66 0.45 0 0 0 0 0 0 0 0 0 0 0 0 0 0 0 0 0 0 0 0 0 0 0 0 0 0 0 0 0 0 0 0 0 0 0 0 0 0 0 0 0 0 0 0 0 0 "0"
334 0.905 0.465 0.66 0.45 0 0 0 0 0 0 0 0 0 0 0 0 0 0 0 0 0 0 0 0 0 0 0 0 0 0 0 0 0 0 0 0 0 0 0 0 0 0 0 0 0 0 0 0 0 "0"
335 0.905 0.465 0.66 0.45 0 0 0 0 0 0 0 0 0 0 0 0 0 0 0 0 0 0 0 0 0 0 0 0 0 0 0 0 0 0 0 0 0 0 0 0 0 0 0 0 0 0 0 0 0 "0"
336 0.97 0.235 1 0.295 0.465 0.66 0.45 0 0 0 0 0 0 0 0 0 0 0 0 0 0 0 0 0 0 0 0 0 0 0 0 0 0 0 0 0 0 0 0 0 0 0 0 0 0 0 0 0 0 "0"
337 0.97 0.235 1 0.295 0.465 0.66 0.45 0 0 0 0 0 0 0 0 0 0 0 0 0 0 0 0 0 0 0 0 0 0 0 0 0 0 0 0 0 0 0 0 0 0 0 0 0 0 0 0 0 0 "0"
338 0.46 0.235 1 0.295 0.465 0.66 0.45 0 0 0 0 0 0 0 0 0 0 0 0 0 0 0 0 0 0 0 0 0 0 0 0 0 0 0 0 0 0 0 0 0 0 0 0 0 0 0 0 0 0 "0"
339 0.46 0.235 1 0.295 0.465 0.66 0.45 0 0 0 0 0 0 0 0 0 0 0 0 0 0 0 0 0 0 0 0 0 0 0 0 0 0 0 0 0 0 0 0 0 0 0 0 0 0 0 0 0 0 "0"
340 1 0.295 0.465 0.66 0.45 0 0 0 0 0 0 0 0 0 0 0 0 0 0 0 0 0 0 0 0 0 0 0 0 0 0 0 0 0 0 0 0 0 0 0 0 0 0 0 0 0 0 0 0 "0"
341 0.625 0.295 0.465 0.66 0.45 0 0 0 0 0 0 0 0 0 0 0 0 0 0 0 0 0 0 0 0 0 0 0 0 0 0 0 0 0 0 0 0 0 0 0 0 0 0 0 0 0 0 0 0 "0"
342 0.775 0.995 0.635 0.625 0.295 0.465 0.66 0.45 0 0 0 0 0 0 0 0 0 0 0 0 0 0 0 0 0 0 0 0 0 0 0 0 0 0 0 0 0 0 0 0 0 0 0 0 0 0 0 0 0 "0"
343 0.775 0.995 0.635 0.625 0.295 0.465 0.66 0.45 0 0 0 0 0 0 0 0 0 0 0 0 0 0 0 0 0 0 0 0 0 0 0 0 0 0 0 0 0 0 0 0 0 0 0 0 0 0 0 0 0 "0"
344 0.995 0.635 0.625 0.295 0.465 0.66 0.45 0 0 0 0 0 0 0 0 0 0 0 0 0 0 0 0 0 0 0 0 0 0 0 0 0 0 0 0 0 0 0 0 0 0 0 0 0 0 0 0 0 0 "0"
345 0.99 0.635 0.625 0.295 0.465 0.66 0.45 0 0 0 0 0 0 0 0 0 0 0 0 0 0 0 0 0 0 0 0 0 0 0 0 0 0 0 0 0 0 0 0 0 0 0 0 0 0 0 0 0 0 "0"
346 0.13 0.99 0.635 0.625 0.295 0.465 0.66 0.45 0 0 0 0 0 0 0 0 0 0 0 0 0 0 0 0 0 0 0 0 0 0 0 0 0 0 0 0 0 0 0 0 0 0 0 0 0 0 0 0 0 "0"
347 0.565 0.13 0.99 0.635 0.625 0.295 0.465 0.66 0.45 0 0 0 0 0 0 0 0 0 0 0 0 0 0 0 0 0 0 0 0 0 0 0 0 0 0 0 0 0 0 0 0 0 0 0 0 0 0 0 0 "0"
348 0.03 0.565 0.13 0.99 0.635 0.625 0.295 0.465 0.66 0.45 0 0 0 0 0 0 0 0 0 0 0 0 0 0 0 0 0 0 0 0 0 0 0 0 0 0 0 0 0 0 0 0 0 0 0 0 0 0 0 "0"
349 0.61 0.03 0.565 0.13 0.99 0.635 0.625 0.295 0.465 0.66 0.45 0 0 0 0 0 0 0 0 0 0 0 0 0 0 0 0 0 0 0 0 0 0 0 0 0 0 0 0 0 0 0 0 0 0 0 0 0 0 "0"
350 0.815 0.61 0.03 0.565 0.13 0.99 0.635 0.625 0.295 0.465 0.66 0.45 0 0 0 0 0 0 0 0 0 0 0 0 0 0 0 0 0 0 0 0 0 0 0 0 0 0 0 0 0 0 0 0 0 0 0 0 0 "0"
351 0.815 0.61 0.03 0.565 0.13 0.99 0.635 0.625 0.295 0.465 0.66 0.45 0 0 0 0 0 0 0 0 0 0 0 0 0 0 0 0 0 0 0 0 0 0 0 0 0 0 0 0 0 0 0 0 0 0 0 0 0 "0"
352 0.495 0 0 0 0 0 0 0 0 0 0 0 0 0 0 0 0 0 0 0 0 0 0 0 0 0 0 0 0 0 0 0 0 0 0 0 0 0 0 0 0 0 0 0 0 0 0 0 0 "0"
353 1 0.815 0.82 0.495 0 0 0 0 0 0 0 0 0 0 0 0 0 0 0 0 0 0 0 0 0 0 0 0 0 0 0 0 0 0 0 0 0 0 0 0 0 0 0 0 0 0 0 0 0 "0"
354 1 0.815 0.82 0.495 0 0 0 0 0 0 0 0 0 0 0 0 0 0 0 0 0 0 0 0 0 0 0 0 0 0 0 0 0 0 0 0 0 0 0 0 0 0 0 0 0 0 0 0 0 "0"
355 0.815 0.82 0.495 0 0 0 0 0 0 0 0 0 0 0 0 0 0 0 0 0 0 0 0 0 0 0 0 0 0 0 0 0 0 0 0 0 0 0 0 0 0 0 0 0 0 0 0 0 0 "0"
356 0.535 0.82 0.495 0 0 0 0 0 0 0 0 0 0 0 0 0 0 0 0 0 0 0 0 0 0 0 0 0 0 0 0 0 0 0 0 0 0 0 0 0 0 0 0 0 0 0 0 0 0 "0"
357 0.54 0.535 0.82 0.495 0 0 0 0 0 0 0 0 0 0 0 0 0 0 0 0 0 0 0 0 0 0 0 0 0 0 0 0 0 0 0 0 0 0 0 0 0 0 0 0 0 0 0 0 0 "0"
358 0.235 0.54 0.535 0.82 0.495 0 0 0 0 0 0 0 0 0 0 0 0 0 0 0 0 0 0 0 0 0 0 0 0 0 0 0 0 0 0 0 0 0 0 0 0 0 0 0 0 0 0 0 0 "0"
359 0.135 0.01 0.11 0.235 0.54 0.535 0.82 0.495 0 0 0 0 0 0 0 0 0 0 0 0 0 0 0 0 0 0 0 0 0 0 0 0 0 0 0 0 0 0 0 0 0 0 0 0 0 0 0 0 0 "0"
360 0.135 0.01 0.11 0.235 0.54 0.535 0.82 0.495 0 0 0 0 0 0 0 0 0 0 0 0 0 0 0 0 0 0 0 0 0 0 0 0 0 0 0 0 0 0 0 0 0 0 0 0 0 0 0 0 0 "0"
361 0.01 0.11 0.235 0.54 0.535 0.82 0.495 0 0 0 0 0 0 0 0 0 0 0 0 0 0 0 0 0 0 0 0 0 0 0 0 0 0 0 0 0 0 0 0 0 0 0 0 0 0 0 0 0 0 "0"
362 0.43 0.215 0.09 0.09 0.11 0.235 0.54 0.535 0.82 0.495 0 0 0 0 0 0 0 0 0 0 0 0 0 0 0 0 0 0 0 0 0 0 0 0 0 0 0 0 0 0 0 0 0 0 0 0 0 0 0 "0"
363 0.43 0.215 0.09 0.09 0.11 0.235 0.54 0.535 0.82 0.495 0 0 0 0 0 0 0 0 0 0 0 0 0 0 0 0 0 0 0 0 0 0 0 0 0 0 0 0 0 0 0 0 0 0 0 0 0 0 0 "0"
364 0.49 0.215 0.09 0.09 0.11 0.235 0.54 0.535 0.82 0.495 0 0 0 0 0 0 0 0 0 0 0 0 0 0 0 0 0 0 0 0 0 0 0 0 0 0 0 0 0 0 0 0 0 0 0 0 0 0 0 "0"
365 0.49 0.215 0.09 0.09 0.11 0.235 0.54 0.535 0.82 0.495 0 0 0 0 0 0 0 0 0 0 0 0 0 0 0 0 0 0 0 0 0 0 0 0 0 0 0 0 0 0 0 0 0 0 0 0 0 0 0 "0"
366 0.99 0.09 0.09 0.11 0.235 0.54 0.535 0.82 0.495 0 0 0 0 0 0 0 0 0 0 0 0 0 0 0 0 0 0 0 0 0 0 0 0 0 0 0 0 0 0 0 0 0 0 0 0 0 0 0 0 "0"
367 0.99 0.09 0.09 0.11 0.235 0.54 0.535 0.82 0.495 0 0 0 0 0 0 0 0 0 0 0 0 0 0 0 0 0 0 0 0 0 0 0 0 0 0 0 0 0 0 0 0 0 0 0 0 0 0 0 0 "0"
368 0.185 0.09 0.11 0.235 0.54 0.535 0.82 0.495 0 0 0 0 0 0 0 0 0 0 0 0 0 0 0 0 0 0 0 0 0 0 0 0 0 0 0 0 0 0 0 0 0 0 0 0 0 0 0 0 0 "0"
369 0.925 0.92 0.935 0.185 0.09 0.11 0.235 0.54 0.535 0.82 0.495 0 0 0 0 0 0 0 0 0 0 0 0 0 0 0 0 0 0 0 0 0 0 0 0 0 0 0 0 0 0 0 0 0 0 0 0 0 0 "0"
370 0.925 0.92 0.935 0.185 0.09 0.11 0.235 0.54 0.535 0.82 0.495 0 0 0 0 0 0 0 0 0 0 0 0 0 0 0 0 0 0 0 0 0 0 0 0 0 0 0 0 0 0 0 0 0 0 0 0 0 0 "0"
371 0.92 0.935 0.185 0.09 0.11 0.235 0.54 0.535 0.82 0.495 0 0 0 0 0 0 0 0 0 0 0 0 0 0 0 0 0 0 0 0 0 0 0 0 0 0 0 0 0 0 0 0 0 0 0 0 0 0 0 "0"
372 0.945 0.985 0.935 0.185 0.09 0.11 0.235 0.54 0.535 0.82 0.495 0 0 0 0 0 0 0 0 0 0 0 0 0 0 0 0 0 0 0 0 0 0 0 0 0 0 0 0 0 0 0 0 0 0 0 0 0 0 "0"
373 0.945 0.985 0.935 0.185 0.09 0.11 0.235 0.54 0.535 0.82 0.495 0 0 0 0 0 0 0 0 0 0 0 0 0 0 0 0 0 0 0 0 0 0 0 0 0 0 0 0 0 0 0 0 0 0 0 0 0 0 "0"
374 0.915 0.985 0.935 0.185 0.09 0.11 0.235 0.54 0.535 0.82 0.495 0 0 0 0 0 0 0 0 0 0 0 0 0 0 0 0 0 0 0 0 0 0 0 0 0 0 0 0 0 0 0 0 0 0 0 0 0 0 "0"
375 0.31 0.915 0.985 0.935 0.185 0.09 0.11 0.235 0.54 0.535 0.82 0.495 0 0 0 0 0 0 0 0 0 0 0 0 0 0 0 0 0 0 0 0 0 0 0 0 0 0 0 0 0 0 0 0 0 0 0 0 0 "0"
376 0.31 0.915 0.985 0.935 0.185 0.09 0.11 0.235 0.54 0.535 0.82 0.495 0 0 0 0 0 0 0 0 0 0 0 0 0 0 0 0 0 0 0 0 0 0 0 0 0 0 0 0 0 0 0 0 0 0 0 0 0 "0"
377 0.315 1 0.475 0.175 0.575 0 0 0 0 0 0 0 0 0 0 0 0 0 0 0 0 0 0 0 0 0 0 0 0 0 0 0 0 0 0 0 0 0 0 0 0 0 0 0 0 0 0 0 0 "0"
378 0.315 1 0.475 0.175 0.575 0 0 0 0 0 0 0 0 0 0 0 0 0 0 0 0 0 0 0 0 0 0 0 0 0 0 0 0 0 0 0 0 0 0 0 0 0 0 0 0 0 0 0 0 "0"
379 1 0.475 0.175 0.575 0 0 0 0 0 0 0 0 0 0 0 0 0 0 0 0 0 0 0 0 0 0 0 0 0 0 0 0 0 0 0 0 0 0 0 0 0 0 0 0 0 0 0 0 0 "0"
380 0.475 0.175 0.575 0 0 0 0 0 0 0 0 0 0 0 0 0 0 0 0 0 0 0 0 0 0 0 0 0 0 0 0 0 0 0 0 0 0 0 0 0 0 0 0 0 0 0 0 0 0 "0"
381 0.385 0.175 0.575 0 0 0 0 0 0 0 0 0 0 0 0 0 0 0 0 0 0 0 0 0 0 0 0 0 0 0 0 0 0 0 0 0 0 0 0 0 0 0 0 0 0 0 0 0 0 "0"
382 0.885 0.195 0.385 0.175 0.575 0 0 0 0 0 0 0 0 0 0 0 0 0 0 0 0 0 0 0 0 0 0 0 0 0 0 0 0 0 0 0 0 0 0 0 0 0 0 0 0 0 0 0 0 "0"
383 0.885 0.195 0.385 0.175 0.575 0 0 0 0 0 0 0 0 0 0 0 0 0 0 0 0 0 0 0 0 0 0 0 0 0 0 0 0 0 0 0 0 0 0 0 0 0 0 0 0 0 0 0 0 "0"
384 1 0.395 0.35 0.17 0.105 0.195 0.385 0.175 0.575 0 0 0 0 0 0 0 0 0 0 0 0 0 0 0 0 0 0 0 0 0 0 0 0 0 0 0 0 0 0 0 0 0 0 0 0 0 0 0 0 "0"
385 1 0.395 0.35 0.17 0.105 0.195 0.385 0.175 0.575 0 0 0 0 0 0 0 0 0 0 0 0 0 0 0 0 0 0 0 0 0 0 0 0 0 0 0 0 0 0 0 0 0 0 0 0 0 0 0 0 "0"
386 0.995 0.395 0.35 0.17 0.105 0.195 0.385 0.175 0.575 0 0 0 0 0 0 0 0 0 0 0 0 0 0 0 0 0 0 0 0 0 0 0 0 0 0 0 0 0 0 0 0 0 0 0 0 0 0 0 0 "0"
387 0.995 0.395 0.35 0.17 0.105 0.195 0.385 0.175 0.575 0 0 0 0 0 0 0 0 0 0 0 0 0 0 0 0 0 0 0 0 0 0 0 0 0 0 0 0 0 0 0 0 0 0 0 0 0 0 0 0 "0"
388 1 0.35 0.17 0.105 0.195 0.385 0.175 0.575 0 0 0 0 0 0 0 0 0 0 0 0 0 0 0 0 0 0 0 0 0 0 0 0 0 0 0 0 0 0 0 0 0 0 0 0 0 0 0 0 0 "0"
389 1 0.35 0.17 0.105 0.195 0.385 0.175 0.575 0 0 0 0 0 0 0 0 0 0 0 0 0 0 0 0 0 0 0 0 0 0 0 0 0 0 0 0 0 0 0 0 0 0 0 0 0 0 0 0 0 "0"
390 0.76 0.17 0.105 0.195 0.385 0.175 0.575 0 0 0 0 0 0 0 0 0 0 0 0 0 0 0 0 0 0 0 0 0 0 0 0 0 0 0 0 0 0 0 0 0 0 0 0 0 0 0 0 0 0 "0"
391 0.76 0.17 0.105 0.195 0.385 0.175 0.575 0 0 0 0 0 0 0 0 0 0 0 0 0 0 0 0 0 0 0 0 0 0 0 0 0 0 0 0 0 0 0 0 0 0 0 0 0 0 0 0 0 0 "0"
392 0.715 0.805 1 0.485 0.38 0.105 0.195 0.385 0.175 0.575 0 0 0 0 0 0 0 0 0 0 0 0 0 0 0 0 0 0 0 0 0 0 0 0 0 0 0 0 0 0 0 0 0 0 0 0 0 0 0 "0"
393 0.715 0.805 1 0.485 0.38 0.105 0.195 0.385 0.175 0.575 0 0 0 0 0 0 0 0 0 0 0 0 0 0 0 0 0 0 0 0 0 0 0 0 0 0 0 0 0 0 0 0 0 0 0 0 0 0 0 "0"
394 0.995 0.805 1 0.485 0.38 0.105 0.195 0.385 0.175 0.575 0 0 0 0 0 0 0 0 0 0 0 0 0 0 0 0 0 0 0 0 0 0 0 0 0 0 0 0 0 0 0 0 0 0 0 0 0 0 0 "0"
395 0.995 0.805 1 0.485 0.38 0.105 0.195 0.385 0.175 0.575 0 0 0 0 0 0 0 0 0 0 0 0 0 0 0 0 0 0 0 0 0 0 0 0 0 0 0 0 0 0 0 0 0 0 0 0 0 0 0 "0"
396 1 0.485 0.38 0.105 0.195 0.385 0.175 0.575 0 0 0 0 0 0 0 0 0 0 0 0 0 0 0 0 0 0 0 0 0 0 0 0 0 0 0 0 0 0 0 0 0 0 0 0 0 0 0 0 0 "0"
397 0.485 0.38 0.105 0.195 0.385 0.175 0.575 0 0 0 0 0 0 0 0 0 0 0 0 0 0 0 0 0 0 0 0 0 0 0 0 0 0 0 0 0 0 0 0 0 0 0 0 0 0 0 0 0 0 "0"
398 1 0.965 0.38 0.105 0.195 0.385 0.175 0.575 0 0 0 0 0 0 0 0 0 0 0 0 0 0 0 0 0 0 0 0 0 0 0 0 0 0 0 0 0 0 0 0 0 0 0 0 0 0 0 0 0 "0"
399 1 0.965 0.38 0.105 0.195 0.385 0.175 0.575 0 0 0 0 0 0 0 0 0 0 0 0 0 0 0 0 0 0 0 0 0 0 0 0 0 0 0 0 0 0 0 0 0 0 0 0 0 0 0 0 0 "0"
400 0.16 0.965 0.38 0.105 0.195 0.385 0.175 0.575 0 0 0 0 0 0 0 0 0 0 0 0 0 0 0 0 0 0 0 0 0 0 0 0 0 0 0 0 0 0 0 0 0 0 0 0 0 0 0 0 0 "0"
401 0.62 0.635 0.09 0.16 0.965 0.38 0.105 0.195 0.385 0.175 0.575 0 0 0 0 0 0 0 0 0 0 0 0 0 0 0 0 0 0 0 0 0 0 0 0 0 0 0 0 0 0 0 0 0 0 0 0 0 0 "0"
402 0.62 0.635 0.09 0.16 0.965 0.38 0.105 0.195 0.385 0.175 0.575 0 0 0 0 0 0 0 0 0 0 0 0 0 0 0 0 0 0 0 0 0 0 0 0 0 0 0 0 0 0 0 0 0 0 0 0 0 0 "0"
403 0.635 0.09 0.16 0.965 0.38 0.105 0.195 0.385 0.175 0.575 0 0 0 0 0 0 0 0 0 0 0 0 0 0 0 0 0 0 0 0 0 0 0 0 0 0 0 0 0 0 0 0 0 0 0 0 0 0 0 "0"
404 1 0.23 0.09 0.16 0.965 0.38 0.105 0.195 0.385 0.175 0.575 0 0 0 0 0 0 0 0 0 0 0 0 0 0 0 0 0 0 0 0 0 0 0 0 0 0 0 0 0 0 0 0 0 0 0 0 0 0 "0"
405 1 0.23 0.09 0.16 0.965 0.38 0.105 0.195 0.385 0.175 0.575 0 0 0 0 0 0 0 0 0 0 0 0 0 0 0 0 0 0 0 0 0 0 0 0 0 0 0 0 0 0 0 0 0 0 0 0 0 0 "0"
406 1 0.275 0.23 0.09 0.16 0.965 0.38 0.105 0.195 0.385 0.175 0.575 0 0 0 0 0 0 0 0 0 0 0 0 0 0 0 0 0 0 0 0 0 0 0 0 0 0 0 0 0 0 0 0 0 0 0 0 0 "0"
407 1 0.275 0.23 0.09 0.16 0.965 0.38 0.105 0.195 0.385 0.175 0.575 0 0 0 0 0 0 0 0 0 0 0 0 0 0 0 0 0 0 0 0 0 0 0 0 0 0 0 0 0 0 0 0 0 0 0 0 0 "0"
408 0.345 0.275 0.23 0.09 0.16 0.965 0.38 0.105 0.195 0.385 0.175 0.575 0 0 0 0 0 0 0 0 0 0 0 0 0 0 0 0 0 0 0 0 0 0 0 0 0 0 0 0 0 0 0 0 0 0 0 0 0 "0"
409 0.89 0.345 0.275 0.23 0.09 0.16 0.965 0.38 0.105 0.195 0.385 0.175 0.575 0 0 0 0 0 0 0 0 0 0 0 0 0 0 0 0 0 0 0 0 0 0 0 0 0 0 0 0 0 0 0 0 0 0 0 0 "0"
410 0.52 0.89 0.345 0.275 0.23 0.09 0.16 0.965 0.38 0.105 0.195 0.385 0.175 0.575 0 0 0 0 0 0 0 0 0 0 0 0 0 0 0 0 0 0 0 0 0 0 0 0 0 0 0 0 0 0 0 0 0 0 0 "0"
411 0.52 0.89 0.345 0.275 0.23 0.09 0.16 0.965 0.38 0.105 0.195 0.385 0.175 0.575 0 0 0 0 0 0 0 0 0 0 0 0 0 0 0 0 0 0 0 0 0 0 0 0 0 0 0 0 0 0 0 0 0 0 0 "0"
412 0.065 0.575 0 0 0 0 0 0 0 0 0 0 0 0 0 0 0 0 0 0 0 0 0 0 0 0 0 0 0 0 0 0 0 0 0 0 0 0 0 0 0 0 0 0 0 0 0 0 0 "0"
413 0.28 0.035 0.065 0.575 0 0 0 0 0 0 0 0 0 0 0 0 0 0 0 0 0 0 0 0 0 0 0 0 0 0 0 0 0 0 0 0 0 0 0 0 0 0 0 0 0 0 0 0 0 "0"
414 0.28 0.035 0.065 0.575 0 0 0 0 0 0 0 0 0 0 0 0 0 0 0 0 0 0 0 0 0 0 0 0 0 0 0 0 0 0 0 0 0 0 0 0 0 0 0 0 0 0 0 0 0 "0"
415 0.82 0.545 0.025 0.63 0.11 0.265 0.405 0.985 0.31 0.125 0.295 0.13 0.12 0.02 0.035 0.065 0.575 0 0 0 0 0 0 0 0 0 0 0 0 0 0 0 0 0 0 0 0 0 0 0 0 0 0 0 0 0 0 0 0 "0"
416 0.82 0.545 0.025 0.63 0.11 0.265 0.405 0.985 0.31 0.125 0.295 0.13 0.12 0.02 0.035 0.065 0.575 0 0 0 0 0 0 0 0 0 0 0 0 0 0 0 0 0 0 0 0 0 0 0 0 0 0 0 0 0 0 0 0 "0"
417 0.545 0.025 0.63 0.11 0.265 0.405 0.985 0.31 0.125 0.295 0.13 0.12 0.02 0.035 0.065 0.575 0 0 0 0 0 0 0 0 0 0 0 0 0 0 0 0 0 0 0 0 0 0 0 0 0 0 0 0 0 0 0 0 0 "0"
418 0.025 0.63 0.11 0.265 0.405 0.985 0.31 0.125 0.295 0.13 0.12 0.02 0.035 0.065 0.575 0 0 0 0 0 0 0 0 0 0 0 0 0 0 0 0 0 0 0 0 0 0 0 0 0 0 0 0 0 0 0 0 0 0 "0"
419 0.29 0.63 0.11 0.265 0.405 0.985 0.31 0.125 0.295 0.13 0.12 0.02 0.035 0.065 0.575 0 0 0 0 0 0 0 0 0 0 0 0 0 0 0 0 0 0 0 0 0 0 0 0 0 0 0 0 0 0 0 0 0 0 "0"
420 0.29 0.63 0.11 0.265 0.405 0.985 0.31 0.125 0.295 0.13 0.12 0.02 0.035 0.065 0.575 0 0 0 0 0 0 0 0 0 0 0 0 0 0 0 0 0 0 0 0 0 0 0 0 0 0 0 0 0 0 0 0 0 0 "0"
421 0.15 0.11 0.265 0.405 0.985 0.31 0.125 0.295 0.13 0.12 0.02 0.035 0.065 0.575 0 0 0 0 0 0 0 0 0 0 0 0 0 0 0 0 0 0 0 0 0 0 0 0 0 0 0 0 0 0 0 0 0 0 0 "0"
422 0.15 0.11 0.265 0.405 0.985 0.31 0.125 0.295 0.13 0.12 0.02 0.035 0.065 0.575 0 0 0 0 0 0 0 0 0 0 0 0 0 0 0 0 0 0 0 0 0 0 0 0 0 0 0 0 0 0 0 0 0 0 0 "0"
423 0.265 0.405 0.985 0.31 0.125 0.295 0.13 0.12 0.02 0.035 0.065 0.575 0 0 0 0 0 0 0 0 0 0 0 0 0 0 0 0 0 0 0 0 0 0 0 0 0 0 0 0 0 0 0 0 0 0 0 0 0 "0"
424 0.97 0.405 0.985 0.31 0.125 0.295 0.13 0.12 0.02 0.035 0.065 0.575 0 0 0 0 0 0 0 0 0 0 0 0 0 0 0 0 0 0 0 0 0 0 0 0 0 0 0 0 0 0 0 0 0 0 0 0 0 "0"
425 0.97 0.405 0.985 0.31 0.125 0.295 0.13 0.12 0.02 0.035 0.065 0.575 0 0 0 0 0 0 0 0 0 0 0 0 0 0 0 0 0 0 0 0 0 0 0 0 0 0 0 0 0 0 0 0 0 0 0 0 0 "0"
426 0.355 0.985 0.31 0.125 0.295 0.13 0.12 0.02 0.035 0.065 0.575 0 0 0 0 0 0 0 0 0 0 0 0 0 0 0 0 0 0 0 0 0 0 0 0 0 0 0 0 0 0 0 0 0 0 0 0 0 0 "0"
427 0.255 0.355 0.985 0.31 0.125 0.295 0.13 0.12 0.02 0.035 0.065 0.575 0 0 0 0 0 0 0 0 0 0 0 0 0 0 0 0 0 0 0 0 0 0 0 0 0 0 0 0 0 0 0 0 0 0 0 0 0 "0"
428 0.925 0.255 0.355 0.985 0.31 0.125 0.295 0.13 0.12 0.02 0.035 0.065 0.575 0 0 0 0 0 0 0 0 0 0 0 0 0 0 0 0 0 0 0 0 0 0 0 0 0 0 0 0 0 0 0 0 0 0 0 0 "0"
429 0.925 0.255 0.355 0.985 0.31 0.125 0.295 0.13 0.12 0.02 0.035 0.065 0.575 0 0 0 0 0 0 0 0 0 0 0 0 0 0 0 0 0 0 0 0 0 0 0 0 0 0 0 0 0 0 0 0 0 0 0 0 "0"
430 1 0.31 0.125 0.295 0.13 0.12 0.02 0.035 0.065 0.575 0 0 0 0 0 0 0 0 0 0 0 0 0 0 0 0 0 0 0 0 0 0 0 0 0 0 0 0 0 0 0 0 0 0 0 0 0 0 0 "0"
431 0.58 1 0.31 0.125 0.295 0.13 0.12 0.02 0.035 0.065 0.575 0 0 0 0 0 0 0 0 0 0 0 0 0 0 0 0 0 0 0 0 0 0 0 0 0 0 0 0 0 0 0 0 0 0 0 0 0 0 "0"
432 0.58 0.58 1 0.31 0.125 0.295 0.13 0.12 0.02 0.035 0.065 0.575 0 0 0 0 0 0 0 0 0 0 0 0 0 0 0 0 0 0 0 0 0 0 0 0 0 0 0 0 0 0 0 0 0 0 0 0 0 "0"
433 0.58 0.58 1 0.31 0.125 0.295 0.13 0.12 0.02 0.035 0.065 0.575 0 0 0 0 0 0 0 0 0 0 0 0 0 0 0 0 0 0 0 0 0 0 0 0 0 0 0 0 0 0 0 0 0 0 0 0 0 "0"
434 0.125 0.295 0.13 0.12 0.02 0.035 0.065 0.575 0 0 0 0 0 0 0 0 0 0 0 0 0 0 0 0 0 0 0 0 0 0 0 0 0 0 0 0 0 0 0 0 0 0 0 0 0 0 0 0 0 "0"
435 0.745 0.295 0.13 0.12 0.02 0.035 0.065 0.575 0 0 0 0 0 0 0 0 0 0 0 0 0 0 0 0 0 0 0 0 0 0 0 0 0 0 0 0 0 0 0 0 0 0 0 0 0 0 0 0 0 "0"
436 0.525 0.745 0.295 0.13 0.12 0.02 0.035 0.065 0.575 0 0 0 0 0 0 0 0 0 0 0 0 0 0 0 0 0 0 0 0 0 0 0 0 0 0 0 0 0 0 0 0 0 0 0 0 0 0 0 0 "0"
437 1 0.31 0.525 0.745 0.295 0.13 0.12 0.02 0.035 0.065 0.575 0 0 0 0 0 0 0 0 0 0 0 0 0 0 0 0 0 0 0 0 0 0 0 0 0 0 0 0 0 0 0 0 0 0 0 0 0 0 "0"
438 1 0.31 0.525 0.745 0.295 0.13 0.12 0.02 0.035 0.065 0.575 0 0 0 0 0 0 0 0 0 0 0 0 0 0 0 0 0 0 0 0 0 0 0 0 0 0 0 0 0 0 0 0 0 0 0 0 0 0 "0"
439 1 0.31 0.525 0.745 0.295 0.13 0.12 0.02 0.035 0.065 0.575 0 0 0 0 0 0 0 0 0 0 0 0 0 0 0 0 0 0 0 0 0 0 0 0 0 0 0 0 0 0 0 0 0 0 0 0 0 0 "0"
440 0.815 1 0.31 0.525 0.745 0.295 0.13 0.12 0.02 0.035 0.065 0.575 0 0 0 0 0 0 0 0 0 0 0 0 0 0 0 0 0 0 0 0 0 0 0 0 0 0 0 0 0 0 0 0 0 0 0 0 0 "0"
441 0.525 0.815 1 0.31 0.525 0.745 0.295 0.13 0.12 0.02 0.035 0.065 0.575 0 0 0 0 0 0 0 0 0 0 0 0 0 0 0 0 0 0 0 0 0 0 0 0 0 0 0 0 0 0 0 0 0 0 0 0 "0"
442 0.43 0.525 0.815 1 0.31 0.525 0.745 0.295 0.13 0.12 0.02 0.035 0.065 0.575 0 0 0 0 0 0 0 0 0 0 0 0 0 0 0 0 0 0 0 0 0 0 0 0 0 0 0 0 0 0 0 0 0 0 0 "0"
443 0.815 0.43 0.525 0.815 1 0.31 0.525 0.745 0.295 0.13 0.12 0.02 0.035 0.065 0.575 0 0 0 0 0 0 0 0 0 0 0 0 0 0 0 0 0 0 0 0 0 0 0 0 0 0 0 0 0 0 0 0 0 0 "0"
444 0.815 0.43 0.525 0.815 1 0.31 0.525 0.745 0.295 0.13 0.12 0.02 0.035 0.065 0.575 0 0 0 0 0 0 0 0 0 0 0 0 0 0 0 0 0 0 0 0 0 0 0 0 0 0 0 0 0 0 0 0 0 0 "0"
445 0.13 0.12 0.02 0.035 0.065 0.575 0 0 0 0 0 0 0 0 0 0 0 0 0 0 0 0 0 0 0 0 0 0 0 0 0 0 0 0 0 0 0 0 0 0 0 0 0 0 0 0 0 0 0 "0"
446 0.12 0.02 0.035 0.065 0.575 0 0 0 0 0 0 0 0 0 0 0 0 0 0 0 0 0 0 0 0 0 0 0 0 0 0 0 0 0 0 0 0 0 0 0 0 0 0 0 0 0 0 0 0 "0"
447 0.92 0.315 0.115 0.075 0.135 0.055 0.02 0.035 0.065 0.575 0 0 0 0 0 0 0 0 0 0 0 0 0 0 0 0 0 0 0 0 0 0 0 0 0 0 0 0 0 0 0 0 0 0 0 0 0 0 0 "0"
448 0.92 0.315 0.115 0.075 0.135 0.055 0.02 0.035 0.065 0.575 0 0 0 0 0 0 0 0 0 0 0 0 0 0 0 0 0 0 0 0 0 0 0 0 0 0 0 0 0 0 0 0 0 0 0 0 0 0 0 "0"
449 0.315 0.115 0.075 0.135 0.055 0.02 0.035 0.065 0.575 0 0 0 0 0 0 0 0 0 0 0 0 0 0 0 0 0 0 0 0 0 0 0 0 0 0 0 0 0 0 0 0 0 0 0 0 0 0 0 0 "0"
450 0.05 0.115 0.075 0.135 0.055 0.02 0.035 0.065 0.575 0 0 0 0 0 0 0 0 0 0 0 0 0 0 0 0 0 0 0 0 0 0 0 0 0 0 0 0 0 0 0 0 0 0 0 0 0 0 0 0 "0"
451 0.18 0.05 0.115 0.075 0.135 0.055 0.02 0.035 0.065 0.575 0 0 0 0 0 0 0 0 0 0 0 0 0 0 0 0 0 0 0 0 0 0 0 0 0 0 0 0 0 0 0 0 0 0 0 0 0 0 0 "0"
452 0.18 0.05 0.115 0.075 0.135 0.055 0.02 0.035 0.065 0.575 0 0 0 0 0 0 0 0 0 0 0 0 0 0 0 0 0 0 0 0 0 0 0 0 0 0 0 0 0 0 0 0 0 0 0 0 0 0 0 "0"
453 0.13 0.075 0.135 0.055 0.02 0.035 0.065 0.575 0 0 0 0 0 0 0 0 0 0 0 0 0 0 0 0 0 0 0 0 0 0 0 0 0 0 0 0 0 0 0 0 0 0 0 0 0 0 0 0 0 "0"
454 0.26 0.13 0.075 0.135 0.055 0.02 0.035 0.065 0.575 0 0 0 0 0 0 0 0 0 0 0 0 0 0 0 0 0 0 0 0 0 0 0 0 0 0 0 0 0 0 0 0 0 0 0 0 0 0 0 0 "0"
455 0.26 0.13 0.075 0.135 0.055 0.02 0.035 0.065 0.575 0 0 0 0 0 0 0 0 0 0 0 0 0 0 0 0 0 0 0 0 0 0 0 0 0 0 0 0 0 0 0 0 0 0 0 0 0 0 0 0 "0"
456 0.945 0.135 0.055 0.02 0.035 0.065 0.575 0 0 0 0 0 0 0 0 0 0 0 0 0 0 0 0 0 0 0 0 0 0 0 0 0 0 0 0 0 0 0 0 0 0 0 0 0 0 0 0 0 0 "0"
457 0.945 0.135 0.055 0.02 0.035 0.065 0.575 0 0 0 0 0 0 0 0 0 0 0 0 0 0 0 0 0 0 0 0 0 0 0 0 0 0 0 0 0 0 0 0 0 0 0 0 0 0 0 0 0 0 "0"
458 0.975 0.425 0.615 1 0.6 0.095 0 0.055 0.02 0.035 0.065 0.575 0 0 0 0 0 0 0 0 0 0 0 0 0 0 0 0 0 0 0 0 0 0 0 0 0 0 0 0 0 0 0 0 0 0 0 0 0 "0"
459 0.975 0.425 0.615 1 0.6 0.095 0 0.055 0.02 0.035 0.065 0.575 0 0 0 0 0 0 0 0 0 0 0 0 0 0 0 0 0 0 0 0 0 0 0 0 0 0 0 0 0 0 0 0 0 0 0 0 0 "0"
460 0.425 0.615 1 0.6 0.095 0 0.055 0.02 0.035 0.065 0.575 0 0 0 0 0 0 0 0 0 0 0 0 0 0 0 0 0 0 0 0 0 0 0 0 0 0 0 0 0 0 0 0 0 0 0 0 0 0 "0"
461 0.615 1 0.6 0.095 0 0.055 0.02 0.035 0.065 0.575 0 0 0 0 0 0 0 0 0 0 0 0 0 0 0 0 0 0 0 0 0 0 0 0 0 0 0 0 0 0 0 0 0 0 0 0 0 0 0 "0"
462 1 0.6 0.095 0 0.055 0.02 0.035 0.065 0.575 0 0 0 0 0 0 0 0 0 0 0 0 0 0 0 0 0 0 0 0 0 0 0 0 0 0 0 0 0 0 0 0 0 0 0 0 0 0 0 0 "0"
463 0.6 0.095 0 0.055 0.02 0.035 0.065 0.575 0 0 0 0 0 0 0 0 0 0 0 0 0 0 0 0 0 0 0 0 0 0 0 0 0 0 0 0 0 0 0 0 0 0 0 0 0 0 0 0 0 "0"
464 0.97 0.095 0 0.055 0.02 0.035 0.065 0.575 0 0 0 0 0 0 0 0 0 0 0 0 0 0 0 0 0 0 0 0 0 0 0 0 0 0 0 0 0 0 0 0 0 0 0 0 0 0 0 0 0 "0"
465 0.97 0.095 0 0.055 0.02 0.035 0.065 0.575 0 0 0 0 0 0 0 0 0 0 0 0 0 0 0 0 0 0 0 0 0 0 0 0 0 0 0 0 0 0 0 0 0 0 0 0 0 0 0 0 0 "0"
466 1 0.22 0.05 0.07 0.095 0 0.055 0.02 0.035 0.065 0.575 0 0 0 0 0 0 0 0 0 0 0 0 0 0 0 0 0 0 0 0 0 0 0 0 0 0 0 0 0 0 0 0 0 0 0 0 0 0 "0"
467 1 0.22 0.05 0.07 0.095 0 0.055 0.02 0.035 0.065 0.575 0 0 0 0 0 0 0 0 0 0 0 0 0 0 0 0 0 0 0 0 0 0 0 0 0 0 0 0 0 0 0 0 0 0 0 0 0 0 "0"
468 0.86 0.22 0.05 0.07 0.095 0 0.055 0.02 0.035 0.065 0.575 0 0 0 0 0 0 0 0 0 0 0 0 0 0 0 0 0 0 0 0 0 0 0 0 0 0 0 0 0 0 0 0 0 0 0 0 0 0 "0"
469 0.86 0.22 0.05 0.07 0.095 0 0.055 0.02 0.035 0.065 0.575 0 0 0 0 0 0 0 0 0 0 0 0 0 0 0 0 0 0 0 0 0 0 0 0 0 0 0 0 0 0 0 0 0 0 0 0 0 0 "0"
470 0.21 0.05 0.07 0.095 0 0.055 0.02 0.035 0.065 0.575 0 0 0 0 0 0 0 0 0 0 0 0 0 0 0 0 0 0 0 0 0 0 0 0 0 0 0 0 0 0 0 0 0 0 0 0 0 0 0 "0"
471 0.21 0.05 0.07 0.095 0 0.055 0.02 0.035 0.065 0.575 0 0 0 0 0 0 0 0 0 0 0 0 0 0 0 0 0 0 0 0 0 0 0 0 0 0 0 0 0 0 0 0 0 0 0 0 0 0 0 "0"
472 0.07 0.095 0 0.055 0.02 0.035 0.065 0.575 0 0 0 0 0 0 0 0 0 0 0 0 0 0 0 0 0 0 0 0 0 0 0 0 0 0 0 0 0 0 0 0 0 0 0 0 0 0 0 0 0 "0"
473 0.52 0.025 0.095 0 0.055 0.02 0.035 0.065 0.575 0 0 0 0 0 0 0 0 0 0 0 0 0 0 0 0 0 0 0 0 0 0 0 0 0 0 0 0 0 0 0 0 0 0 0 0 0 0 0 0 "0"
474 0.52 0.025 0.095 0 0.055 0.02 0.035 0.065 0.575 0 0 0 0 0 0 0 0 0 0 0 0 0 0 0 0 0 0 0 0 0 0 0 0 0 0 0 0 0 0 0 0 0 0 0 0 0 0 0 0 "0"
475 0.735 0.995 0.455 0.82 0.53 0.235 0.17 0.025 0.095 0 0.055 0.02 0.035 0.065 0.575 0 0 0 0 0 0 0 0 0 0 0 0 0 0 0 0 0 0 0 0 0 0 0 0 0 0 0 0 0 0 0 0 0 0 "0"
476 0.735 0.995 0.455 0.82 0.53 0.235 0.17 0.025 0.095 0 0.055 0.02 0.035 0.065 0.575 0 0 0 0 0 0 0 0 0 0 0 0 0 0 0 0 0 0 0 0 0 0 0 0 0 0 0 0 0 0 0 0 0 0 "0"
477 0.995 0.455 0.82 0.53 0.235 0.17 0.025 0.095 0 0.055 0.02 0.035 0.065 0.575 0 0 0 0 0 0 0 0 0 0 0 0 0 0 0 0 0 0 0 0 0 0 0 0 0 0 0 0 0 0 0 0 0 0 0 "0"
478 0.455 0.82 0.53 0.235 0.17 0.025 0.095 0 0.055 0.02 0.035 0.065 0.575 0 0 0 0 0 0 0 0 0 0 0 0 0 0 0 0 0 0 0 0 0 0 0 0 0 0 0 0 0 0 0 0 0 0 0 0 "0"
479 0.995 0.82 0.53 0.235 0.17 0.025 0.095 0 0.055 0.02 0.035 0.065 0.575 0 0 0 0 0 0 0 0 0 0 0 0 0 0 0 0 0 0 0 0 0 0 0 0 0 0 0 0 0 0 0 0 0 0 0 0 "0"
480 0.995 0.82 0.53 0.235 0.17 0.025 0.095 0 0.055 0.02 0.035 0.065 0.575 0 0 0 0 0 0 0 0 0 0 0 0 0 0 0 0 0 0 0 0 0 0 0 0 0 0 0 0 0 0 0 0 0 0 0 0 "0"
481 0.53 0.235 0.17 0.025 0.095 0 0.055 0.02 0.035 0.065 0.575 0 0 0 0 0 0 0 0 0 0 0 0 0 0 0 0 0 0 0 0 0 0 0 0 0 0 0 0 0 0 0 0 0 0 0 0 0 0 "0"
482 0.235 0.17 0.025 0.095 0 0.055 0.02 0.035 0.065 0.575 0 0 0 0 0 0 0 0 0 0 0 0 0 0 0 0 0 0 0 0 0 0 0 0 0 0 0 0 0 0 0 0 0 0 0 0 0 0 0 "0"
483 0.76 0.735 0.945 0.17 0.025 0.095 0 0.055 0.02 0.035 0.065 0.575 0 0 0 0 0 0 0 0 0 0 0 0 0 0 0 0 0 0 0 0 0 0 0 0 0 0 0 0 0 0 0 0 0 0 0 0 0 "0"
484 0.76 0.735 0.945 0.17 0.025 0.095 0 0.055 0.02 0.035 0.065 0.575 0 0 0 0 0 0 0 0 0 0 0 0 0 0 0 0 0 0 0 0 0 0 0 0 0 0 0 0 0 0 0 0 0 0 0 0 0 "0"
485 0.735 0.945 0.17 0.025 0.095 0 0.055 0.02 0.035 0.065 0.575 0 0 0 0 0 0 0 0 0 0 0 0 0 0 0 0 0 0 0 0 0 0 0 0 0 0 0 0 0 0 0 0 0 0 0 0 0 0 "0"
486 0.93 0.945 0.17 0.025 0.095 0 0.055 0.02 0.035 0.065 0.575 0 0 0 0 0 0 0 0 0 0 0 0 0 0 0 0 0 0 0 0 0 0 0 0 0 0 0 0 0 0 0 0 0 0 0 0 0 0 "0"
487 0.12 0.93 0.945 0.17 0.025 0.095 0 0.055 0.02 0.035 0.065 0.575 0 0 0 0 0 0 0 0 0 0 0 0 0 0 0 0 0 0 0 0 0 0 0 0 0 0 0 0 0 0 0 0 0 0 0 0 0 "0"
488 0.22 0.12 0.93 0.945 0.17 0.025 0.095 0 0.055 0.02 0.035 0.065 0.575 0 0 0 0 0 0 0 0 0 0 0 0 0 0 0 0 0 0 0 0 0 0 0 0 0 0 0 0 0 0 0 0 0 0 0 0 "0"
489 0.26 0.22 0.12 0.93 0.945 0.17 0.025 0.095 0 0.055 0.02 0.035 0.065 0.575 0 0 0 0 0 0 0 0 0 0 0 0 0 0 0 0 0 0 0 0 0 0 0 0 0 0 0 0 0 0 0 0 0 0 0 "0"
490 0.035 0.26 0.22 0.12 0.93 0.945 0.17 0.025 0.095 0 0.055 0.02 0.035 0.065 0.575 0 0 0 0 0 0 0 0 0 0 0 0 0 0 0 0 0 0 0 0 0 0 0 0 0 0 0 0 0 0 0 0 0 0 "0"
491 0.035 0.26 0.22 0.12 0.93 0.945 0.17 0.025 0.095 0 0.055 0.02 0.035 0.065 0.575 0 0 0 0 0 0 0 0 0 0 0 0 0 0 0 0 0 0 0 0 0 0 0 0 0 0 0 0 0 0 0 0 0 0 "0"
