"Level" "node" "mother_node" "sequences" "PS_median" "PS_max" "PS_min" "bootstrapp"
54 740 739 2 1 1 1 0.345
54 602 601 2 0.99455 0.99455 0.99455 0.04
54 650 649 2 0.99863 0.99863 0.99863 0.29
55 739 738 3 1 1 1 0.985
55 601 600 3 0.99455 1 0.99455 0.04
55 649 648 3 0.99863 1 0.99863 0.245
56 738 737 4 1 1 1 0.515
64 512 511 2 0.99863 0.99863 0.99863 0.135
56 600 599 4 0.997275 1 0.99455 0.045
69 627 626 2 0.99756 0.99756 0.99756 0.15
56 645 644 2 1 1 1 0.37
56 648 647 4 0.999315 1 0.99756 0.005
57 737 736 5 1 1 0.99728 0.29
65 511 510 3 0.99863 1 0.99863 0.68
69 544 543 2 0.99756 0.99756 0.99756 0.235
69 546 545 2 0.99756 0.99756 0.99756 0.54
79 547 545 2 0.99512 0.99512 0.99512 0.13
56 595 594 2 1 1 1 0.715
57 599 598 5 1 1 0.99455 0.5
70 626 625 3 0.99756 0.99756 0.99512 0.17
69 629 628 2 0.99756 0.99756 0.99756 0.23
69 644 643 3 0.99728 1 0.99512 0.155
57 647 646 5 1 1 0.99756 0.485
64 731 730 2 0.99854 0.99854 0.99854 0.855
92 732 730 2 0.9869 0.9869 0.9869 0.065
71 736 735 6 0.99728 1 0.99268 0.45
64 819 818 2 0.99863 0.99863 0.99863 0.975
77 510 509 4 0.995205 1 0.99041 0.39
56 519 518 2 1 1 1 0.135
56 528 527 2 1 1 1 0.895
71 543 542 3 0.99756 0.99756 0.99512 0.175
80 545 542 4 0.99512 0.99756 0.99024 0.05
77 594 593 3 0.99268 1 0.99268 0.145
70 598 597 6 0.99728 1 0.99024 0.095
71 625 624 4 0.99742 1 0.99512 0.71
70 628 624 3 0.99756 0.99756 0.99512 0.36
69 641 640 2 0.99756 0.99756 0.99756 0.055
70 643 642 4 0.99742 1 0.99512 0.135
64 646 642 6 0.99863 1 0.99512 0.575
69 727 726 2 0.99728 0.99728 0.99728 0.05
93 730 729 4 0.991265 0.99854 0.9869 0.105
69 734 733 2 0.99756 0.99756 0.99756 0.675
72 735 733 7 0.99728 1 0.99268 0.495
86 770 769 2 0.99268 0.99268 0.99268 0.08
100 817 816 2 0.98356 0.98356 0.98356 0.435
88 818 816 3 0.99315 0.99863 0.99178 0.365
78 509 508 5 0.996575 1 0.99041 0.35
57 518 517 3 1 1 1 0.14
71 527 526 3 0.99726 1 0.99726 0.065
81 542 541 7 0.99512 0.99756 0.99024 0.695
78 593 592 4 0.99634 1 0.99268 0.64
71 597 596 7 0.99756 1 0.99024 0.305
83 624 623 7 0.99455 1 0.99024 0.3
80 630 623 2 0.99512 0.99512 0.99512 0.105
69 638 637 2 0.99756 0.99756 0.99756 0.1
70 640 639 3 0.99756 1 0.99756 0.19
71 642 639 10 0.99728 1 0.9869 0.215
90 668 667 2 0.99268 0.99268 0.99268 0.945
70 726 725 3 0.99854 1 0.99728 0.65
94 729 728 5 0.99225 0.99854 0.9869 0.11
76 733 728 9 0.9962 1 0.98537 0.605
87 769 768 3 0.99268 0.99512 0.99268 0.63
101 816 815 5 0.985615 0.99863 0.98219 0.245
69 918 917 2 0.99756 0.99756 0.99756 0.82
83 508 507 6 0.99452 1 0.98904 0.35
56 516 515 2 1 1 1 0.17
58 517 515 4 1 1 1 0.5
72 526 525 4 0.99726 1 0.99726 0.2
69 535 534 2 0.99756 0.99756 0.99756 0.83
82 541 540 8 0.99512 0.99756 0.98293 0.685
56 574 573 2 1 1 1 0
80 592 591 5 0.99512 1 0.99268 0.24
72 596 591 8 0.99728 1 0.99024 0.73
90 623 622 9 0.99268 1 0.99024 0.06
69 631 622 2 0.99756 0.99756 0.99756 0.87
80 633 632 2 0.99512 0.99512 0.99512 0.035
70 637 636 3 0.99756 0.99756 0.99512 0.12
80 639 636 13 0.99512 1 0.9869 0.06
108 667 666 3 0.9878 0.99268 0.98049 0.425
56 670 669 2 1 1 1 0.11
94 673 672 2 0.99178 0.99178 0.99178 0.81
69 721 720 2 0.99756 0.99756 0.99756 0.11
98 725 724 4 0.990465 1 0.98093 0.095
101 728 724 14 0.98981 1 0.97561 0.01
88 768 767 4 0.9939 0.99512 0.99268 0.625
94 809 808 2 0.99178 0.99178 0.99178 0.9
56 812 811 2 1 1 1 0
56 814 813 2 1 1 1 0.965
102 815 813 6 0.98904 0.99863 0.98219 0.245
80 917 916 3 0.99512 0.99756 0.99268 0.545
84 507 506 7 0.99452 1 0.98904 0.16
64 515 514 6 0.99863 1 0.99863 0.01
56 524 523 2 1 1 1 0.99
73 525 523 5 0.99726 1 0.99589 0.345
80 534 533 3 0.99512 0.99756 0.99268 0.65
123 539 538 2 0.96829 0.96829 0.96829 0.15
90 540 538 9 0.99268 0.99756 0.97073 0.61
114 560 559 2 0.98537 0.98537 0.98537 0.245
57 573 572 3 1 1 1 0.67
90 591 590 13 0.99268 1 0.98049 0.215
91 622 621 11 0.99268 1 0.98537 0.015
81 632 621 3 0.99756 0.99756 0.99512 0.565
82 636 635 16 0.99512 1 0.9869 0.07
126 666 665 4 0.98171 0.99268 0.96829 0.36
57 669 665 3 1 1 1 0.94
95 672 671 3 0.99178 0.99315 0.99041 0.86
183 676 675 2 0.92683 0.92683 0.92683 0.24
56 677 675 2 1 1 1 1
69 713 712 2 0.99756 0.99756 0.99756 0.355
70 720 719 3 0.99756 0.99756 0.99512 0.13
69 722 719 2 0.99756 0.99756 0.99756 0.79
111 724 723 18 0.98638 1 0.97548 0.03
90 767 766 5 0.99268 0.99756 0.99024 0.95
114 771 766 2 0.98537 0.98537 0.98537 0.935
69 773 772 2 0.99756 0.99756 0.99756 0.675
95 808 807 3 0.99178 0.99268 0.9878 0.17
57 811 810 3 1 1 1 0.655
103 813 810 8 0.989725 1 0.98219 0.11
100 916 915 4 0.989025 0.99756 0.98293 0.025
69 919 915 2 0.99756 0.99756 0.99756 0.29
69 936 935 2 0.99756 0.99756 0.99756 0.815
69 971 970 2 0.99756 0.99756 0.99756 0.735
99 980 979 2 0.99024 0.99024 0.99024 0.035
86 506 505 8 0.993835 1 0.98904 0.715
65 514 513 7 0.99863 1 0.99863 0.05
77 523 522 7 0.99589 1 0.99041 0.415
81 533 532 4 0.99512 0.99756 0.99268 0.995
69 536 532 2 0.99756 0.99756 0.99756 1
124 538 537 11 0.98293 0.99756 0.95854 0.21
115 559 558 3 0.98537 0.99024 0.98537 0.395
69 572 571 4 0.99756 1 0.99178 0.36
69 589 588 2 0.99756 0.99756 0.99756 0.84
91 590 588 14 0.99268 1 0.98049 0.02
54 614 613 2 1 1 1 0.2
93 621 620 14 0.99183 1 0.98537 0.22
83 635 634 17 0.99512 1 0.9869 0.085
136 665 664 7 0.97805 1 0.96798 0.4
106 671 664 4 0.988355 0.99315 0.97945 0.91
184 675 674 4 0.92805 1 0.92603 0.085
71 691 690 2 0.99726 0.99726 0.99726 0.73
77 692 690 2 0.99589 0.99589 0.99589 0.74
56 697 696 2 1 1 1 0.885
64 698 696 2 0.99863 0.99863 0.99863 0.875
90 712 711 3 0.99268 0.99756 0.99024 0.19
69 716 715 2 0.99756 0.99756 0.99756 0.12
69 717 715 2 0.99756 0.99756 0.99756 0.695
85 719 718 5 0.9939 0.99756 0.99024 0.17
112 723 718 19 0.9869 1 0.97548 0.04
115 766 765 7 0.98537 0.99756 0.9561 0.7
70 772 765 3 0.99756 0.99756 0.99512 1
69 775 774 2 0.99756 0.99756 0.99756 0.85
80 779 778 2 0.99512 0.99512 0.99512 0.05
69 784 783 2 0.99756 0.99756 0.99756 0.38
96 807 806 4 0.99223 0.99756 0.9878 0.68
104 810 806 11 0.98904 1 0.97317 0.05
152 901 900 2 0.97123 0.97123 0.97123 0.52
101 915 914 6 0.99268 0.99756 0.98293 0.63
107 920 914 2 0.9878 0.9878 0.9878 0.15
80 935 934 3 0.99512 0.99756 0.99268 0.43
90 970 969 3 0.99268 0.99756 0.99024 0.995
100 979 978 3 0.99268 0.99756 0.99024 0.26
94 505 504 9 0.99178 1 0.98493 0.95
66 513 504 8 0.99863 1 0.99863 0.76
56 521 520 2 1 1 1 0.935
86 522 520 8 0.993835 1 0.98904 0.605
178 532 531 6 0.94878 0.99756 0.93902 0.07
146 537 531 12 0.97439 0.99756 0.94878 0.015
116 558 557 4 0.986585 0.99024 0.97805 0.31
99 564 563 2 0.99024 0.99024 0.99024 0.21
142 565 563 2 0.97317 0.97317 0.97317 0.065
70 571 570 5 0.99756 1 0.99178 0.975
99 575 570 2 0.99024 0.99024 0.99024 0.64
93 588 587 16 0.99183 1 0.98049 0.205
55 613 612 3 1 1 1 0.135
94 620 619 15 0.99268 1 0.98537 0.425
84 634 619 18 0.99512 1 0.9869 0.155
144 664 663 11 0.97525 1 0.95854 0.605
185 674 663 5 0.92927 1 0.91781 0.125
77 682 681 2 0.99589 0.99589 0.99589 0.615
83 690 689 4 0.99452 0.99726 0.99315 0.89
87 696 695 4 0.99345 1 0.9878 0.98
95 711 710 4 0.99146 0.99756 0.99024 0
75 715 714 4 0.99634 0.99756 0.99268 0.345
113 718 714 24 0.9869 1 0.97548 0.01
173 765 764 10 0.95854 0.99756 0.94634 0.34
80 774 764 3 0.99512 0.99756 0.99268 0.91
81 778 777 3 0.99756 0.99756 0.99512 0.42
70 783 782 3 0.99756 0.99756 0.99512 0.43
56 794 793 2 1 1 1 0.885
71 795 793 2 0.99726 0.99726 0.99726 0.075
119 806 805 15 0.98356 1 0.96341 0.11
153 900 899 3 0.97123 0.9726 0.96164 0.89
108 914 913 8 0.9878 0.99756 0.97561 0.11
69 924 923 2 0.99756 0.99756 0.99756 0.925
85 934 933 4 0.9939 0.99756 0.99024 0.525
163 969 968 4 0.96707 0.99756 0.94146 0.455
99 972 968 2 0.99024 0.99024 0.99024 0.995
108 978 977 4 0.987805 0.99756 0.97805 0.22
119 504 503 17 0.984245 1 0.97808 0.88
94 520 503 10 0.99178 1 0.98904 0.98
88 530 529 2 0.99315 0.99315 0.99315 0.97
179 531 529 18 0.95854 0.99756 0.93659 0.015
117 557 556 5 0.986585 0.99024 0.97805 0.325
80 561 556 2 0.99512 0.99512 0.99512 0.87
143 563 562 4 0.981705 0.99512 0.96829 0.155
100 570 569 7 0.99024 1 0.97534 0.3
103 578 577 2 0.98904 0.98904 0.98904 0.06
69 584 583 2 0.99756 0.99756 0.99756 0.57
90 585 583 2 0.99268 0.99268 0.99268 0.52
94 587 586 17 0.99183 1 0.98049 0.045
56 612 611 4 1 1 1 0.97
56 616 615 2 1 1 1 1
99 619 618 33 0.99024 1 0.98293 0.81
186 663 662 16 0.95633 1 0.91644 0.4
182 678 662 2 0.95854 0.95854 0.95854 0.63
182 680 679 2 0.95854 0.95854 0.95854 0.975
78 681 679 3 0.99589 0.99726 0.99315 0.93
88 689 688 5 0.99315 0.99726 0.99178 1
90 694 693 2 0.99268 0.99268 0.99268 0.47
108 695 693 5 0.9878 1 0.97275 0.825
56 704 703 2 1 1 1 0.83
153 708 707 2 0.9561 0.9561 0.9561 0.345
96 710 709 5 0.99146 0.99756 0.99024 0
114 714 709 28 0.98638 1 0.97548 0
174 764 763 13 0.962195 0.99756 0.94146 0.345
82 777 776 4 0.99634 0.99756 0.99512 0.645
80 782 781 4 0.99512 0.99756 0.99268 0.16
77 793 792 4 0.99589 1 0.99589 0.54
120 805 804 16 0.98493 1 0.96341 0.055
69 842 841 2 0.99756 0.99756 0.99756 0.815
56 866 865 2 1 1 1 0.31
56 898 897 2 1 1 1 1
202 899 897 4 0.947945 0.9726 0.9274 0.345
115 913 912 9 0.98537 0.99756 0.97317 0.265
69 921 912 2 0.99756 0.99756 0.99756 0.97
115 923 922 3 0.98537 0.99756 0.98293 0.255
80 927 926 2 0.99512 0.99512 0.99512 0.58
90 933 932 5 0.99268 0.99756 0.9878 0.815
69 954 953 2 0.99756 0.99756 0.99756 0.975
210 968 967 6 0.9439 0.99756 0.93415 0.82
114 975 974 2 0.98537 0.98537 0.98537 0.76
114 977 976 5 0.98537 0.99756 0.97805 0.12
132 503 502 27 0.97945 1 0.95479 0.31
180 529 502 20 0.95854 0.99756 0.93659 0.01
142 549 548 2 0.97561 0.97561 0.97561 0.03
123 556 555 7 0.98293 0.99512 0.97561 0.18
144 562 555 5 0.987805 0.99512 0.96829 0
101 569 568 8 0.99024 1 0.97534 0.15
104 577 576 3 0.98904 0.99863 0.98767 0.34
90 581 580 2 0.99268 0.99268 0.99268 0.485
91 583 582 4 0.9939 0.99756 0.9878 0.435
99 586 582 18 0.99024 1 0.98049 0.35
114 608 607 2 0.98537 0.98537 0.98537 0.56
57 611 610 5 1 1 0.98049 0.84
154 615 610 3 0.96829 1 0.96458 0.615
100 618 617 34 0.99024 1 0.94823 0.78
197 662 661 18 0.95068 1 0.9122 0.115
191 679 661 5 0.95366 0.99726 0.92683 0.675
147 684 683 2 0.97397 0.97397 0.97397 0.985
89 688 687 6 0.99315 0.99726 0.94658 0.725
149 693 687 7 0.97317 1 0.95368 0.925
71 703 702 3 0.99726 1 0.99726 0.475
98 705 702 2 0.99041 0.99041 0.99041 0.525
154 707 706 3 0.94878 0.9561 0.93902 0.115
115 709 706 33 0.98638 1 0.97548 0.995
176 763 762 14 0.96098 0.99756 0.93659 0.345
83 776 762 5 0.99512 0.99756 0.99268 0.98
81 781 780 5 0.99512 0.99756 0.99268 0.995
78 792 791 5 0.99589 1 0.99589 0.99
121 804 803 17 0.98493 1 0.96341 0.12
80 841 840 3 0.99512 0.99756 0.99268 0.61
83 862 861 2 0.99452 0.99452 0.99452 0.925
56 864 863 2 1 1 1 0.945
58 865 863 3 1 1 1 0.915
196 894 893 2 0.95068 0.95068 0.95068 0.62
56 896 895 2 1 1 1 1
240 897 895 6 0.92466 1 0.90411 0.275
123 912 911 11 0.98293 0.99756 0.97317 0.405
130 922 911 4 0.98049 0.99756 0.96098 0.355
108 926 925 3 0.9878 0.99512 0.98293 0.58
115 931 930 2 0.98537 0.98537 0.98537 1
99 932 930 6 0.99024 0.99756 0.98049 1
130 953 952 3 0.98049 0.99756 0.97805 0.425
90 960 959 2 0.99268 0.99268 0.99268 1
267 961 959 2 0.90732 0.90732 0.90732 0.86
214 967 966 7 0.94146 0.99756 0.9122 0.53
115 974 973 3 0.98537 0.99024 0.98049 0.735
115 976 973 6 0.98537 0.99756 0.97805 0.93
181 502 501 47 0.9561 1 0.93171 0.005
143 548 501 3 0.97561 0.98082 0.97317 0.125
90 551 550 2 0.99268 0.99268 0.99268 0.75
145 555 554 12 0.98049 0.99512 0.9561 0
102 568 567 9 0.99024 1 0.97534 0.905
105 576 567 4 0.991095 0.99863 0.98356 0.49
99 580 579 3 0.99024 0.99268 0.9878 0.915
103 582 579 22 0.9891 1 0.97561 0.305
115 607 606 3 0.98537 0.99024 0.98537 0.985
155 610 609 8 0.97805 1 0.9564 0.76
101 617 609 35 0.99024 1 0.9439 0.09
225 661 660 23 0.93425 1 0.89756 0.095
225 683 660 3 0.93288 0.97397 0.93288 0.295
80 686 685 2 0.99512 0.99512 0.99512 0.625
190 687 685 13 0.951635 1 0.92431 0.465
99 702 701 5 0.99452 1 0.99041 0.995
155 706 701 36 0.98537 1 0.92927 0.075
182 762 761 19 0.95854 0.99756 0.93659 0.59
90 780 761 6 0.99268 0.99756 0.9561 0.78
79 791 790 6 0.99589 1 0.96575 0.305
103 797 796 2 0.98904 0.98904 0.98904 0.395
122 803 802 18 0.98493 1 0.96341 0.085
95 840 839 4 0.99146 0.99756 0.9878 0.03
143 856 855 2 0.97534 0.97534 0.97534 0.43
150 857 855 2 0.9726 0.9726 0.9726 0.49
88 861 860 3 0.99315 0.99452 0.99041 0.92
83 863 860 5 0.99452 1 0.99452 0.985
213 887 886 2 0.94211 0.94211 0.94211 0.715
231 888 886 2 0.93158 0.93158 0.93158 0.995
197 893 892 3 0.95068 0.96098 0.94878 0.635
241 895 892 8 0.923975 1 0.90411 0.23
143 911 910 15 0.97561 0.99756 0.94878 0.985
136 925 910 4 0.97805 0.99512 0.97317 1
119 930 929 8 0.98415 0.99756 0.87561 0.31
210 942 941 2 0.9439 0.9439 0.9439 0.92
292 944 943 2 0.84878 0.84878 0.84878 0.18
136 952 951 4 0.97805 0.99756 0.97561 0.615
269 959 958 4 0.90732 0.99268 0.87805 0.22
271 962 958 2 0.89512 0.89512 0.89512 0.21
223 966 965 8 0.936585 0.99756 0.87805 0.235
136 973 965 9 0.97805 0.99756 0.95122 0.945
182 501 500 50 0.95854 1 0.93171 0.04
91 550 500 3 0.99268 0.99756 0.99024 0.98
146 554 553 13 0.98049 0.99512 0.9561 0.04
115 567 566 13 0.98537 1 0.96438 0.355
108 579 566 25 0.9878 1 0.97073 0.53
166 606 605 4 0.95854 0.99024 0.92195 0.04
156 609 605 43 0.9878 1 0.92643 0.56
226 660 659 26 0.93014 1 0.88537 0.02
191 685 659 15 0.95366 1 0.92431 0.185
56 700 699 2 1 1 1 0.995
156 701 699 41 0.98293 1 0.92927 0.035
56 747 746 2 1 1 1 1
56 748 746 2 1 1 1 1
200 761 760 25 0.94878 0.99756 0.92683 0.745
186 785 760 2 0.9561 0.9561 0.9561 0.245
136 790 789 7 0.97808 1 0.96575 0.61
104 796 789 3 0.99041 0.99041 0.98904 0.99
56 799 798 2 1 1 1 0.75
123 802 801 19 0.98293 1 0.96341 0.975
96 839 838 5 0.9939 0.99756 0.9878 0.565
152 855 854 4 0.970545 0.97671 0.96027 0.215
56 858 854 2 1 1 1 0.99
121 860 859 8 0.98356 1 0.97945 0.935
143 879 878 2 0.97561 0.97561 0.97561 1
56 880 878 2 1 1 1 0.995
264 886 885 4 0.90921 0.94211 0.90395 0.805
242 892 891 11 0.92466 1 0.89863 0.09
166 910 909 19 0.96585 0.99756 0.88293 0.31
229 929 928 9 0.93293 0.99756 0.87561 0.525
250 941 940 3 0.91951 0.9439 0.91951 0.315
295 943 940 3 0.8561 0.86585 0.84878 0.05
291 946 945 2 0.89024 0.89024 0.89024 0.26
143 951 950 5 0.97561 0.99756 0.96585 1
272 958 957 6 0.89756 0.99268 0.86098 0.05
264 964 963 2 0.85366 0.85366 0.85366 0.52
256 965 963 17 0.91585 0.99756 0.87805 0.17
183 500 499 53 0.95753 1 0.93171 0.115
147 553 552 14 0.98049 0.99512 0.9561 0.065
136 566 552 38 0.97805 1 0.95366 0.16
167 605 604 47 0.98049 1 0.89756 0.01
160 656 655 2 0.96829 0.96829 0.96829 0.32
215 657 655 2 0.93699 0.93699 0.93699 0.375
227 659 658 41 0.92683 1 0.88493 0.005
157 699 658 43 0.98093 1 0.92927 0.31
188 746 745 4 0.95549 1 0.95095 0.66
204 760 759 27 0.94634 0.99756 0.91707 0.03
166 789 788 10 0.96575 1 0.95205 0.19
71 798 788 3 0.99726 1 0.99726 1
125 801 800 20 0.98219 1 0.93836 0.15
80 836 835 2 0.99512 0.99512 0.99512 0.775
99 838 837 6 0.99024 0.99756 0.98049 0.13
178 852 851 2 0.96027 0.96027 0.96027 0.135
153 854 853 6 0.9726 1 0.96027 0.09
123 859 853 9 0.982875 1 0.96575 0.185
258 878 877 4 0.91463 1 0.90732 0.395
56 881 877 2 1 1 1 1
265 885 884 5 0.90921 0.94211 0.89868 1
56 890 889 2 1 1 1 1
246 891 889 12 0.92262 1 0.89863 0.16
176 909 908 20 0.96098 0.99756 0.88293 0.125
239 928 908 10 0.92683 0.99756 0.87561 0.745
296 940 939 6 0.8878 0.9439 0.83659 0.115
293 945 939 3 0.89024 0.90244 0.89024 0.13
160 950 949 6 0.96829 0.99756 0.87561 0.6
279 955 949 2 0.9 0.9 0.9 0.97
274 957 956 7 0.9 0.99268 0.86098 0.07
265 963 956 19 0.90976 0.99756 0.83902 0.025
184 499 498 54 0.95753 1 0.93171 0.305
148 552 498 52 0.97561 1 0.94878 0.65
168 604 603 48 0.96943 1 0.89756 0
69 653 652 2 0.99756 0.99756 0.99756 0.965
216 655 654 4 0.94024 0.96829 0.93659 0.05
228 658 654 84 0.93171 1 0.87918 0
197 745 744 5 0.95095 1 0.9346 0.88
229 756 755 2 0.92683 0.92683 0.92683 0.085
205 759 758 28 0.94634 0.99756 0.91707 0.01
172 786 758 2 0.96301 0.96301 0.96301 0.465
178 788 787 13 0.96027 1 0.95205 0.36
130 800 787 21 0.98049 1 0.92439 0.075
69 831 830 2 0.99756 0.99756 0.99756 0.97
121 832 830 2 0.98293 0.98293 0.98293 0.46
82 835 834 3 0.99512 0.99512 0.99024 0.995
100 837 834 7 0.99268 0.99756 0.98049 0.99
183 851 850 3 0.95479 0.96027 0.95342 0.01
160 853 850 15 0.96849 1 0.95068 0.09
267 877 876 6 0.90822 1 0.88537 0.35
298 882 876 2 0.87808 0.87808 0.87808 0.76
267 884 883 6 0.90395 0.94211 0.87073 0.485
251 889 883 14 0.91918 1 0.89726 0.965
289 908 907 30 0.89268 0.99756 0.8439 0.295
297 939 938 9 0.88415 0.9439 0.83659 0.075
187 947 938 2 0.9561 0.9561 0.9561 0.945
309 949 948 8 0.87805 0.99756 0.82195 0.095
276 956 948 26 0.90244 0.99756 0.83415 0.095
186 498 497 106 0.9561 1 0.9122 0.32
169 603 497 49 0.96585 1 0.89756 0.005
99 652 651 3 0.99024 0.99756 0.9878 0.92
229 654 651 88 0.93171 1 0.87918 0.02
214 744 743 6 0.94146 1 0.91008 0.225
235 749 743 2 0.92439 0.92439 0.92439 0.07
202 751 750 2 0.94795 0.94795 0.94795 0.94
207 752 750 2 0.94521 0.94521 0.94521 0.475
230 755 754 3 0.92683 0.93562 0.92683 0.035
210 758 757 30 0.9439 0.99756 0.91463 0.02
201 787 757 34 0.94878 1 0.91644 0.15
179 824 823 2 0.95854 0.95854 0.95854 0.655
122 830 829 4 0.98293 0.99756 0.98049 0.235
123 834 833 10 0.98293 0.99756 0.94634 0.635
184 850 849 18 0.96575 1 0.94932 0.11
299 876 875 8 0.88537 1 0.83902 0.17
268 883 875 20 0.90777 1 0.83562 0.38
292 907 906 31 0.89024 0.99756 0.8439 0.13
299 938 937 11 0.88537 0.9561 0.82683 0.135
311 948 937 34 0.87561 0.99756 0.79512 0
214 497 496 155 0.94146 1 0.88828 0
231 651 496 91 0.93171 1 0.87918 0.015
236 743 742 8 0.92805 1 0.87466 0
240 750 742 4 0.919865 0.94795 0.9 0.06
231 754 753 4 0.931225 0.9411 0.91707 0.085
227 757 753 64 0.93415 1 0.9 0.085
180 823 822 3 0.95854 0.97073 0.9561 0.56
136 825 822 2 0.97805 0.97805 0.97805 0.92
123 829 828 5 0.98415 0.99756 0.98049 1
181 833 828 11 0.95854 0.99756 0.93171 0.625
185 849 848 19 0.96575 1 0.94932 0.235
56 871 870 2 1 1 1 0.315
253 874 873 2 0.91781 0.91781 0.91781 0.885
305 875 873 28 0.88049 1 0.81644 0.105
296 906 905 32 0.8878 0.99756 0.82439 0.12
318 937 905 45 0.87073 0.99756 0.78293 0.055
234 496 495 246 0.92927 1 0.86172 0
241 742 741 12 0.92195 1 0.87466 0.03
232 753 741 68 0.93171 1 0.89512 0.095
182 822 821 5 0.95854 0.97805 0.94146 0.85
241 827 826 2 0.91644 0.91644 0.91644 0.905
218 828 826 16 0.93902 0.99756 0.90488 0.295
64 846 845 2 0.99863 0.99863 0.99863 1
186 848 847 20 0.96438 1 0.94795 0.54
57 870 869 3 1 1 1 1
306 873 872 30 0.87945 1 0.81644 0.195
269 904 903 2 0.90732 0.90732 0.90732 0.28
319 905 903 77 0.86585 0.99756 0.78293 0.02
235 495 494 247 0.92927 1 0.86172 0
242 741 494 80 0.92683 1 0.87045 0
196 821 820 6 0.95122 0.97805 0.9122 0.625
242 826 820 18 0.92683 0.99756 0.88537 0.465
209 845 844 3 0.93973 0.99863 0.93836 0.815
187 847 844 21 0.96301 1 0.92877 0.535
218 869 868 4 0.939025 1 0.87805 0.475
312 872 868 31 0.87534 1 0.81644 0.385
320 903 902 79 0.86585 0.99756 0.78293 0.035
250 494 493 327 0.91994 1 0.85342 0.16
247 820 493 24 0.92195 0.99756 0.88537 0.66
210 844 843 24 0.9589 1 0.91096 0.82
320 868 867 35 0.86849 1 0.77945 0.175
321 902 867 80 0.86585 0.99756 0.78293 0.065
254 493 492 351 0.91707 1 0.83261 0.45
211 843 492 25 0.95753 1 0.89863 0.495
322 867 492 115 0.85366 1 0.77317 0.575
323 492 0 491 0.89268 1 0.76849 NA
