"mean_seq" "max_seq" "min_seq" "seq_or_node" "level" "mother_node" "mother_level"
1 1 1 1 54 495 235
2 2 2 2 54 499 184
3 3 3 3 54 505 94
4 4 4 4 54 506 86
5 5 5 5 54 507 84
6 6 6 6 54 508 83
7 7 7 7 54 509 78
8 8 8 8 54 510 77
9 9 9 9 54 511 65
10 10 10 10 54 512 64
11 11 11 11 54 512 64
12 12 12 12 54 513 66
13 13 13 13 54 514 65
14 14 14 14 54 516 56
15 15 15 15 54 516 56
16 16 16 16 54 517 58
17 17 17 17 54 518 57
18 18 18 18 54 519 56
19 19 19 19 54 519 56
20 20 20 20 54 521 56
21 21 21 21 54 521 56
22 22 22 22 54 522 86
23 23 23 23 54 524 56
24 24 24 24 54 524 56
25 25 25 25 54 525 73
26 26 26 26 54 526 72
27 27 27 27 54 527 71
28 28 28 28 54 528 56
29 29 29 29 54 528 56
30 30 30 30 54 530 88
31 31 31 31 54 530 88
32 32 32 32 54 533 81
33 33 33 33 54 534 80
34 34 34 34 54 535 69
35 35 35 35 54 535 69
36 36 36 36 54 536 69
37 37 37 37 54 536 69
38 38 38 38 54 537 146
39 39 39 39 54 539 123
40 40 40 40 54 539 123
41 41 41 41 54 540 90
42 42 42 42 54 541 82
43 43 43 43 54 543 71
44 44 44 44 54 544 69
45 45 45 45 54 544 69
46 46 46 46 54 546 69
47 47 47 47 54 546 69
48 48 48 48 54 547 79
49 49 49 49 54 547 79
50 50 50 50 54 548 143
51 51 51 51 54 549 142
52 52 52 52 54 549 142
53 53 53 53 54 550 91
54 54 54 54 54 551 90
55 55 55 55 54 551 90
56 56 56 56 54 553 147
57 57 57 57 54 554 146
58 58 58 58 54 557 117
59 59 59 59 54 558 116
60 60 60 60 54 559 115
61 61 61 61 54 560 114
62 62 62 62 54 560 114
63 63 63 63 54 561 80
64 64 64 64 54 561 80
65 65 65 65 54 562 144
66 66 66 66 54 564 99
67 67 67 67 54 564 99
68 68 68 68 54 565 142
69 69 69 69 54 565 142
70 70 70 70 54 568 102
71 71 71 71 54 569 101
72 72 72 72 54 571 70
73 73 73 73 54 572 69
74 74 74 74 54 573 57
75 75 75 75 54 574 56
76 76 76 76 54 574 56
77 77 77 77 54 575 99
78 78 78 78 54 575 99
79 79 79 79 54 576 105
80 80 80 80 54 577 104
81 81 81 81 54 578 103
82 82 82 82 54 578 103
83 83 83 83 54 580 99
84 84 84 84 54 581 90
85 85 85 85 54 581 90
86 86 86 86 54 584 69
87 87 87 87 54 584 69
88 88 88 88 54 585 90
89 89 89 89 54 585 90
90 90 90 90 54 586 99
91 91 91 91 54 587 94
92 92 92 92 54 589 69
93 93 93 93 54 589 69
94 94 94 94 54 590 91
95 95 95 95 54 592 80
96 96 96 96 54 593 78
97 97 97 97 54 594 77
98 98 98 98 54 595 56
99 99 99 99 54 595 56
100 100 100 100 54 596 72
101 101 101 101 54 597 71
102 102 102 102 54 598 70
103 103 103 103 54 599 57
104 104 104 104 54 600 56
105 105 105 105 54 601 55
106 106 106 106 54 602 54
107 107 107 107 54 602 54
108 108 108 108 54 603 169
109 109 109 109 54 604 168
110 110 110 110 54 606 166
111 111 111 111 54 607 115
112 112 112 112 54 608 114
113 113 113 113 54 608 114
114 114 114 114 54 611 57
115 115 115 115 54 612 56
116 116 116 116 54 613 55
117 117 117 117 54 614 54
118 118 118 118 54 614 54
119 119 119 119 54 615 154
120 120 120 120 54 616 56
121 121 121 121 54 616 56
122 122 122 122 54 617 101
123 123 123 123 54 618 100
124 124 124 124 54 620 94
125 125 125 125 54 625 71
126 126 126 126 54 626 70
127 127 127 127 54 627 69
128 128 128 128 54 627 69
129 129 129 129 54 628 70
130 130 130 130 54 629 69
131 131 131 131 54 629 69
132 132 132 132 54 630 80
133 133 133 133 54 630 80
134 134 134 134 54 631 69
135 135 135 135 54 631 69
136 136 136 136 54 632 81
137 137 137 137 54 633 80
138 138 138 138 54 633 80
139 139 139 139 54 634 84
140 140 140 140 54 635 83
141 141 141 141 54 637 70
142 142 142 142 54 638 69
143 143 143 143 54 638 69
144 144 144 144 54 640 70
145 145 145 145 54 641 69
146 146 146 146 54 641 69
147 147 147 147 54 643 70
148 148 148 148 54 644 69
149 149 149 149 54 645 56
150 150 150 150 54 645 56
151 151 151 151 54 646 64
152 152 152 152 54 647 57
153 153 153 153 54 648 56
154 154 154 154 54 649 55
155 155 155 155 54 650 54
156 156 156 156 54 650 54
157 157 157 157 54 652 99
158 158 158 158 54 653 69
159 159 159 159 54 653 69
160 160 160 160 54 656 160
161 161 161 161 54 656 160
162 162 162 162 54 657 215
163 163 163 163 54 657 215
164 164 164 164 54 666 126
165 165 165 165 54 667 108
166 166 166 166 54 668 90
167 167 167 167 54 668 90
168 168 168 168 54 669 57
169 169 169 169 54 670 56
170 170 170 170 54 670 56
171 171 171 171 54 671 106
172 172 172 172 54 672 95
173 173 173 173 54 673 94
174 174 174 174 54 673 94
175 175 175 175 54 674 185
176 176 176 176 54 676 183
177 177 177 177 54 676 183
178 178 178 178 54 677 56
179 179 179 179 54 677 56
180 180 180 180 54 678 182
181 181 181 181 54 678 182
182 182 182 182 54 680 182
183 183 183 183 54 680 182
184 184 184 184 54 681 78
185 185 185 185 54 682 77
186 186 186 186 54 682 77
187 187 187 187 54 683 225
188 188 188 188 54 684 147
189 189 189 189 54 684 147
190 190 190 190 54 686 80
191 191 191 191 54 686 80
192 192 192 192 54 688 89
193 193 193 193 54 689 88
194 194 194 194 54 691 71
195 195 195 195 54 691 71
196 196 196 196 54 692 77
197 197 197 197 54 692 77
198 198 198 198 54 694 90
199 199 199 199 54 694 90
200 200 200 200 54 695 108
201 201 201 201 54 697 56
202 202 202 202 54 697 56
203 203 203 203 54 698 64
204 204 204 204 54 698 64
205 205 205 205 54 700 56
206 206 206 206 54 700 56
207 207 207 207 54 703 71
208 208 208 208 54 704 56
209 209 209 209 54 704 56
210 210 210 210 54 705 98
211 211 211 211 54 705 98
212 212 212 212 54 707 154
213 213 213 213 54 708 153
214 214 214 214 54 708 153
215 215 215 215 54 710 96
216 216 216 216 54 711 95
217 217 217 217 54 712 90
218 218 218 218 54 713 69
219 219 219 219 54 713 69
220 220 220 220 54 716 69
221 221 221 221 54 716 69
222 222 222 222 54 717 69
223 223 223 223 54 717 69
224 224 224 224 54 720 70
225 225 225 225 54 721 69
226 226 226 226 54 721 69
227 227 227 227 54 722 69
228 228 228 228 54 722 69
229 229 229 229 54 723 112
230 230 230 230 54 725 98
231 231 231 231 54 726 70
232 232 232 232 54 727 69
233 233 233 233 54 727 69
234 234 234 234 54 729 94
235 235 235 235 54 731 64
236 236 236 236 54 731 64
237 237 237 237 54 732 92
238 238 238 238 54 732 92
239 239 239 239 54 734 69
240 240 240 240 54 734 69
241 241 241 241 54 735 72
242 242 242 242 54 736 71
243 243 243 243 54 737 57
244 244 244 244 54 738 56
245 245 245 245 54 739 55
246 246 246 246 54 740 54
247 247 247 247 54 740 54
248 248 248 248 54 744 214
249 249 249 249 54 745 197
250 250 250 250 54 747 56
251 251 251 251 54 747 56
252 252 252 252 54 748 56
253 253 253 253 54 748 56
254 254 254 254 54 749 235
255 255 255 255 54 749 235
256 256 256 256 54 751 202
257 257 257 257 54 751 202
258 258 258 258 54 752 207
259 259 259 259 54 752 207
260 260 260 260 54 754 231
261 261 261 261 54 755 230
262 262 262 262 54 756 229
263 263 263 263 54 756 229
264 264 264 264 54 759 205
265 265 265 265 54 763 176
266 266 266 266 54 767 90
267 267 267 267 54 768 88
268 268 268 268 54 769 87
269 269 269 269 54 770 86
270 270 270 270 54 770 86
271 271 271 271 54 771 114
272 272 272 272 54 771 114
273 273 273 273 54 772 70
274 274 274 274 54 773 69
275 275 275 275 54 773 69
276 276 276 276 54 774 80
277 277 277 277 54 775 69
278 278 278 278 54 775 69
279 279 279 279 54 776 83
280 280 280 280 54 777 82
281 281 281 281 54 778 81
282 282 282 282 54 779 80
283 283 283 283 54 779 80
284 284 284 284 54 780 90
285 285 285 285 54 781 81
286 286 286 286 54 782 80
287 287 287 287 54 783 70
288 288 288 288 54 784 69
289 289 289 289 54 784 69
290 290 290 290 54 785 186
291 291 291 291 54 785 186
292 292 292 292 54 786 172
293 293 293 293 54 786 172
294 294 294 294 54 790 136
295 295 295 295 54 791 79
296 296 296 296 54 792 78
297 297 297 297 54 794 56
298 298 298 298 54 794 56
299 299 299 299 54 795 71
300 300 300 300 54 795 71
301 301 301 301 54 796 104
302 302 302 302 54 797 103
303 303 303 303 54 797 103
304 304 304 304 54 798 71
305 305 305 305 54 799 56
306 306 306 306 54 799 56
307 307 307 307 54 800 130
308 308 308 308 54 801 125
309 309 309 309 54 802 123
310 310 310 310 54 803 122
311 311 311 311 54 804 121
312 312 312 312 54 805 120
313 313 313 313 54 807 96
314 314 314 314 54 808 95
315 315 315 315 54 809 94
316 316 316 316 54 809 94
317 317 317 317 54 811 57
318 318 318 318 54 812 56
319 319 319 319 54 812 56
320 320 320 320 54 814 56
321 321 321 321 54 814 56
322 322 322 322 54 815 102
323 323 323 323 54 817 100
324 324 324 324 54 817 100
325 325 325 325 54 818 88
326 326 326 326 54 819 64
327 327 327 327 54 819 64
328 328 328 328 54 821 196
329 329 329 329 54 823 180
330 330 330 330 54 824 179
331 331 331 331 54 824 179
332 332 332 332 54 825 136
333 333 333 333 54 825 136
334 334 334 334 54 827 241
335 335 335 335 54 827 241
336 336 336 336 54 829 123
337 337 337 337 54 831 69
338 338 338 338 54 831 69
339 339 339 339 54 832 121
340 340 340 340 54 832 121
341 341 341 341 54 833 181
342 342 342 342 54 835 82
343 343 343 343 54 836 80
344 344 344 344 54 836 80
345 345 345 345 54 837 100
346 346 346 346 54 838 99
347 347 347 347 54 839 96
348 348 348 348 54 840 95
349 349 349 349 54 841 80
350 350 350 350 54 842 69
351 351 351 351 54 842 69
352 352 352 352 54 843 211
353 353 353 353 54 845 209
354 354 354 354 54 846 64
355 355 355 355 54 846 64
356 356 356 356 54 847 187
357 357 357 357 54 848 186
358 358 358 358 54 849 185
359 359 359 359 54 851 183
360 360 360 360 54 852 178
361 361 361 361 54 852 178
362 362 362 362 54 856 143
363 363 363 363 54 856 143
364 364 364 364 54 857 150
365 365 365 365 54 857 150
366 366 366 366 54 858 56
367 367 367 367 54 858 56
368 368 368 368 54 859 123
369 369 369 369 54 861 88
370 370 370 370 54 862 83
371 371 371 371 54 862 83
372 372 372 372 54 864 56
373 373 373 373 54 864 56
374 374 374 374 54 865 58
375 375 375 375 54 866 56
376 376 376 376 54 866 56
377 377 377 377 54 869 218
378 378 378 378 54 870 57
379 379 379 379 54 871 56
380 380 380 380 54 871 56
381 381 381 381 54 872 312
382 382 382 382 54 874 253
383 383 383 383 54 874 253
384 384 384 384 54 879 143
385 385 385 385 54 879 143
386 386 386 386 54 880 56
387 387 387 387 54 880 56
388 388 388 388 54 881 56
389 389 389 389 54 881 56
390 390 390 390 54 882 298
391 391 391 391 54 882 298
392 392 392 392 54 884 267
393 393 393 393 54 885 265
394 394 394 394 54 887 213
395 395 395 395 54 887 213
396 396 396 396 54 888 231
397 397 397 397 54 888 231
398 398 398 398 54 890 56
399 399 399 399 54 890 56
400 400 400 400 54 891 246
401 401 401 401 54 893 197
402 402 402 402 54 894 196
403 403 403 403 54 894 196
404 404 404 404 54 896 56
405 405 405 405 54 896 56
406 406 406 406 54 898 56
407 407 407 407 54 898 56
408 408 408 408 54 899 202
409 409 409 409 54 900 153
410 410 410 410 54 901 152
411 411 411 411 54 901 152
412 412 412 412 54 902 321
413 413 413 413 54 904 269
414 414 414 414 54 904 269
415 415 415 415 54 906 296
416 416 416 416 54 907 292
417 417 417 417 54 909 176
418 418 418 418 54 913 115
419 419 419 419 54 916 100
420 420 420 420 54 917 80
421 421 421 421 54 918 69
422 422 422 422 54 918 69
423 423 423 423 54 919 69
424 424 424 424 54 919 69
425 425 425 425 54 920 107
426 426 426 426 54 920 107
427 427 427 427 54 921 69
428 428 428 428 54 921 69
429 429 429 429 54 922 130
430 430 430 430 54 923 115
431 431 431 431 54 924 69
432 432 432 432 54 924 69
433 433 433 433 54 925 136
434 434 434 434 54 926 108
435 435 435 435 54 927 80
436 436 436 436 54 927 80
437 437 437 437 54 928 239
438 438 438 438 54 929 229
439 439 439 439 54 931 115
440 440 440 440 54 931 115
441 441 441 441 54 932 99
442 442 442 442 54 933 90
443 443 443 443 54 934 85
444 444 444 444 54 935 80
445 445 445 445 54 936 69
446 446 446 446 54 936 69
447 447 447 447 54 941 250
448 448 448 448 54 942 210
449 449 449 449 54 942 210
450 450 450 450 54 943 295
451 451 451 451 54 944 292
452 452 452 452 54 944 292
453 453 453 453 54 945 293
454 454 454 454 54 946 291
455 455 455 455 54 946 291
456 456 456 456 54 947 187
457 457 457 457 54 947 187
458 458 458 458 54 950 160
459 459 459 459 54 951 143
460 460 460 460 54 952 136
461 461 461 461 54 953 130
462 462 462 462 54 954 69
463 463 463 463 54 954 69
464 464 464 464 54 955 279
465 465 465 465 54 955 279
466 466 466 466 54 957 274
467 467 467 467 54 960 90
468 468 468 468 54 960 90
469 469 469 469 54 961 267
470 470 470 470 54 961 267
471 471 471 471 54 962 271
472 472 472 472 54 962 271
473 473 473 473 54 964 264
474 474 474 474 54 964 264
475 475 475 475 54 966 223
476 476 476 476 54 967 214
477 477 477 477 54 969 163
478 478 478 478 54 970 90
479 479 479 479 54 971 69
480 480 480 480 54 971 69
481 481 481 481 54 972 99
482 482 482 482 54 972 99
483 483 483 483 54 974 115
484 484 484 484 54 975 114
485 485 485 485 54 975 114
486 486 486 486 54 976 115
487 487 487 487 54 977 114
488 488 488 488 54 978 108
489 489 489 489 54 979 100
490 490 490 490 54 980 99
491 491 491 491 54 980 99
106.5 107 106 602 54 601 55
117.5 118 117 614 54 613 55
155.5 156 155 650 54 649 55
246.5 247 246 740 54 739 55
105.75 106.5 105 601 55 600 56
116.75 117.5 116 613 55 612 56
154.75 155.5 154 649 55 648 56
245.75 246.5 245 739 55 738 56
14.5 15 14 516 56 515 64
18.5 19 18 519 56 518 57
20.5 21 20 521 56 520 94
23.5 24 23 524 56 523 77
28.5 29 28 528 56 527 71
75.5 76 75 574 56 573 57
98.5 99 98 595 56 594 77
104.875 105.75 104 600 56 599 57
115.875 116.75 115 612 56 611 57
120.5 121 120 616 56 615 154
149.5 150 149 645 56 644 69
153.875 154.75 153 648 56 647 57
169.5 170 169 670 56 669 57
178.5 179 178 677 56 675 184
201.5 202 201 697 56 696 87
205.5 206 205 700 56 699 157
208.5 209 208 704 56 703 71
244.875 245.75 244 738 56 737 57
250.5 251 250 747 56 746 188
252.5 253 252 748 56 746 188
297.5 298 297 794 56 793 77
305.5 306 305 799 56 798 71
318.5 319 318 812 56 811 57
320.5 321 320 814 56 813 103
366.5 367 366 858 56 854 153
372.5 373 372 864 56 863 83
375.5 376 375 866 56 865 58
379.5 380 379 871 56 870 57
386.5 387 386 880 56 878 258
388.5 389 388 881 56 877 267
398.5 399 398 890 56 889 251
404.5 405 404 896 56 895 241
406.5 407 406 898 56 897 240
17.75 18.5 17 518 57 517 58
74.75 75.5 74 573 57 572 69
103.9375 104.875 103 599 57 598 70
114.9375 115.875 114 611 57 610 155
152.9375 153.875 152 647 57 646 64
168.75 169.5 168 669 57 665 136
243.9375 244.875 243 737 57 736 71
317.75 318.5 317 811 57 810 104
378.75 379.5 378 870 57 869 218
16.875 17.75 16 517 58 515 64
374.75 375.5 374 865 58 863 83
10.5 11 10 512 64 511 65
151.96875 152.9375 151 646 64 642 71
203.5 204 203 698 64 696 87
235.5 236 235 731 64 730 93
326.5 327 326 819 64 818 88
354.5 355 354 846 64 845 209
15.6875 16.875 14.5 515 64 514 65
9.75 10.5 9 511 65 510 77
14.34375 15.6875 13 514 65 513 66
13.171875 14.34375 12 513 66 504 119
34.5 35 34 535 69 534 80
36.5 37 36 536 69 532 178
44.5 45 44 544 69 543 71
46.5 47 46 546 69 545 80
73.875 74.75 73 572 69 571 70
86.5 87 86 584 69 583 91
92.5 93 92 589 69 588 93
127.5 128 127 627 69 626 70
130.5 131 130 629 69 628 70
134.5 135 134 631 69 622 91
142.5 143 142 638 69 637 70
145.5 146 145 641 69 640 70
148.75 149.5 148 644 69 643 70
158.5 159 158 653 69 652 99
218.5 219 218 713 69 712 90
220.5 221 220 716 69 715 75
222.5 223 222 717 69 715 75
225.5 226 225 721 69 720 70
227.5 228 227 722 69 719 85
232.5 233 232 727 69 726 70
239.5 240 239 734 69 733 76
274.5 275 274 773 69 772 70
277.5 278 277 775 69 774 80
288.5 289 288 784 69 783 70
337.5 338 337 831 69 830 122
350.5 351 350 842 69 841 80
421.5 422 421 918 69 917 80
423.5 424 423 919 69 915 101
427.5 428 427 921 69 912 123
431.5 432 431 924 69 923 115
445.5 446 445 936 69 935 80
462.5 463 462 954 69 953 130
479.5 480 479 971 69 970 90
72.9375 73.875 72 571 70 570 100
102.96875 103.9375 102 598 70 597 71
126.75 127.5 126 626 70 625 71
129.75 130.5 129 628 70 624 83
141.75 142.5 141 637 70 636 82
144.75 145.5 144 640 70 639 80
147.875 148.75 147 643 70 642 71
224.75 225.5 224 720 70 719 85
231.75 232.5 231 726 70 725 98
273.75 274.5 273 772 70 765 173
287.75 288.5 287 783 70 782 80
27.75 28.5 27 527 71 526 72
43.75 44.5 43 543 71 542 81
101.984375 102.96875 101 597 71 596 72
125.875 126.75 125 625 71 624 83
194.5 195 194 691 71 690 83
207.75 208.5 207 703 71 702 99
242.96875 243.9375 242 736 71 735 72
299.5 300 299 795 71 793 77
304.75 305.5 304 798 71 788 178
149.921875 151.96875 147.875 642 71 639 80
26.875 27.75 26 526 72 525 73
100.9921875 101.984375 100 596 72 591 90
241.984375 242.96875 241 735 72 733 76
25.9375 26.875 25 525 73 523 77
221.5 222.5 220.5 715 75 714 114
240.7421875 241.984375 239.5 733 76 728 101
8.875 9.75 8 510 77 509 78
97.75 98.5 97 594 77 593 78
185.5 186 185 682 77 681 78
196.5 197 196 692 77 690 83
24.71875 25.9375 23.5 523 77 522 86
298.5 299.5 297.5 793 77 792 78
7.9375 8.875 7 509 78 508 83
96.875 97.75 96 593 78 592 80
184.75 185.5 184 681 78 679 191
297.25 298.5 296 792 78 791 79
48.5 49 48 547 79 545 80
296.125 297.25 295 791 79 790 136
33.75 34.5 33 534 80 533 81
63.5 64 63 561 80 556 123
95.9375 96.875 95 592 80 591 90
132.5 133 132 630 80 623 90
137.5 138 137 633 80 632 81
190.5 191 190 686 80 685 191
276.75 277.5 276 774 80 764 174
282.5 283 282 779 80 778 81
286.875 287.75 286 782 80 781 81
343.5 344 343 836 80 835 82
349.75 350.5 349 841 80 840 95
420.75 421.5 420 917 80 916 100
435.5 436 435 927 80 926 108
444.75 445.5 444 935 80 934 85
47.5 48.5 46.5 545 80 542 81
147.3359375 149.921875 144.75 639 80 636 82
32.875 33.75 32 533 81 532 178
136.75 137.5 136 632 81 621 93
281.75 282.5 281 778 81 777 82
285.9375 286.875 285 781 81 780 90
45.625 47.5 43.75 542 81 541 82
43.8125 45.625 42 541 82 540 90
280.875 281.75 280 777 82 776 83
342.75 343.5 342 835 82 834 123
144.54296875 147.3359375 141.75 636 82 635 83
6.96875 7.9375 6 508 83 507 84
142.271484375 144.54296875 140 635 83 634 84
279.9375 280.875 279 776 83 762 182
370.5 371 370 862 83 861 88
373.625 374.75 372.5 863 83 860 121
127.8125 129.75 125.875 624 83 623 90
195.5 196.5 194.5 690 83 689 88
5.984375 6.96875 5 507 84 506 86
140.6357421875 142.271484375 139 634 84 619 99
443.875 444.75 443 934 85 933 90
226.125 227.5 224.75 719 85 718 113
4.9921875 5.984375 4 506 86 505 94
23.359375 24.71875 22 522 86 520 94
269.5 270 269 770 86 769 87
268.75 269.5 268 769 87 768 88
202.5 203.5 201.5 696 87 695 108
30.5 31 30 530 88 529 180
194.25 195.5 193 689 88 688 89
267.875 268.75 267 768 88 767 90
325.75 326.5 325 818 88 816 101
369.75 370.5 369 861 88 860 121
193.125 194.25 192 688 89 687 190
42.40625 43.8125 41 540 90 538 124
54.5 55 54 551 90 550 91
84.5 85 84 581 90 580 99
88.5 89 88 585 90 583 91
166.5 167 166 668 90 667 108
198.5 199 198 694 90 693 149
217.75 218.5 217 712 90 711 95
266.9375 267.875 266 767 90 766 115
284.96875 285.9375 284 780 90 761 200
442.9375 443.875 442 933 90 932 99
467.5 468 467 960 90 959 269
478.75 479.5 478 970 90 969 163
98.46484375 100.9921875 95.9375 591 90 590 91
130.15625 132.5 127.8125 623 90 622 91
53.75 54.5 53 550 91 500 183
96.232421875 98.46484375 94 590 91 588 93
87.5 88.5 86.5 583 91 582 103
132.328125 134.5 130.15625 622 91 621 93
237.5 238 237 732 92 730 93
236.5 237.5 235.5 730 93 729 94
94.3662109375 96.232421875 92.5 588 93 587 94
134.5390625 136.75 132.328125 621 93 620 94
3.99609375 4.9921875 3 505 94 504 119
92.68310546875 94.3662109375 91 587 94 586 99
129.26953125 134.5390625 124 620 94 619 99
173.5 174 173 673 94 672 95
235.25 236.5 234 729 94 728 101
315.5 316 315 809 94 808 95
21.9296875 23.359375 20.5 520 94 503 132
172.75 173.5 172 672 95 671 106
216.875 217.75 216 711 95 710 96
314.75 315.5 314 808 95 807 96
348.875 349.75 348 840 95 839 96
215.9375 216.875 215 710 96 709 115
313.875 314.75 313 807 96 806 119
347.9375 348.875 347 839 96 838 99
210.5 211 210 705 98 702 99
230.875 231.75 230 725 98 724 111
66.5 67 66 564 99 563 143
77.5 78 77 575 99 570 100
83.75 84.5 83 580 99 579 108
91.341552734375 92.68310546875 90 586 99 582 103
157.75 158.5 157 652 99 651 231
346.96875 347.9375 346 838 99 837 100
441.96875 442.9375 441 932 99 930 119
481.5 482 481 972 99 968 210
490.5 491 490 980 99 979 100
209.125 210.5 207.75 702 99 701 156
134.95263671875 140.6357421875 129.26953125 619 99 618 100
128.976318359375 134.95263671875 123 618 100 617 101
323.5 324 323 817 100 816 101
345.984375 346.96875 345 837 100 834 123
419.875 420.75 419 916 100 915 101
489.75 490.5 489 979 100 978 108
75.21875 77.5 72.9375 570 100 569 101
73.109375 75.21875 71 569 101 568 102
125.488159179688 128.976318359375 122 617 101 609 156
421.6875 423.5 419.875 915 101 914 108
237.99609375 240.7421875 235.25 728 101 724 111
324.625 325.75 323.5 816 101 815 102
71.5546875 73.109375 70 568 102 567 115
323.3125 324.625 322 815 102 813 103
81.5 82 81 578 103 577 104
302.5 303 302 797 103 796 104
321.90625 323.3125 320.5 813 103 810 104
89.4207763671875 91.341552734375 87.5 582 103 579 108
80.75 81.5 80 577 104 576 105
301.75 302.5 301 796 104 789 166
319.828125 321.90625 317.75 810 104 806 119
79.875 80.75 79 576 105 567 115
171.875 172.75 171 671 106 664 144
425.5 426 425 920 107 914 108
165.75 166.5 165 667 108 666 126
201.25 202.5 200 695 108 693 149
434.75 435.5 434 926 108 925 136
488.875 489.75 488 978 108 977 114
86.5853881835938 89.4207763671875 83.75 579 108 566 136
423.59375 425.5 421.6875 914 108 913 115
234.435546875 237.99609375 230.875 724 111 723 112
231.7177734375 234.435546875 229 723 112 718 113
228.92138671875 231.7177734375 226.125 718 113 714 114
61.5 62 61 560 114 559 115
112.5 113 112 608 114 607 115
271.5 272 271 771 114 766 115
484.5 485 484 975 114 974 115
487.9375 488.875 487 977 114 976 115
225.210693359375 228.92138671875 221.5 714 114 709 115
60.75 61.5 60 559 115 558 116
111.75 112.5 111 607 115 606 166
420.796875 423.59375 418 913 115 912 123
430.75 431.5 430 923 115 922 130
439.5 440 439 931 115 930 119
483.75 484.5 483 974 115 973 136
486.96875 487.9375 486 976 115 973 136
269.21875 271.5 266.9375 766 115 765 173
220.574096679688 225.210693359375 215.9375 709 115 706 155
75.71484375 79.875 71.5546875 567 115 566 136
59.875 60.75 59 558 116 557 117
58.9375 59.875 58 557 117 556 123
8.583984375 13.171875 3.99609375 504 119 503 132
316.8515625 319.828125 313.875 806 119 805 120
440.734375 441.96875 439.5 930 119 929 229
314.42578125 316.8515625 312 805 120 804 121
312.712890625 314.42578125 311 804 121 803 122
339.5 340 339 832 121 830 122
371.6875 373.625 369.75 860 121 859 123
311.3564453125 312.712890625 310 803 122 802 123
338.5 339.5 337.5 830 122 829 123
39.5 40 39 539 123 538 124
310.17822265625 311.3564453125 309 802 123 801 125
337.25 338.5 336 829 123 828 218
369.84375 371.6875 368 859 123 853 160
424.1484375 427.5 420.796875 912 123 911 143
61.21875 63.5 58.9375 556 123 555 145
344.3671875 345.984375 342.75 834 123 833 181
40.953125 42.40625 39.5 538 124 537 146
309.089111328125 310.17822265625 308 801 125 800 130
164.875 165.75 164 666 126 665 136
308.044555664062 309.089111328125 307 800 130 787 201
429.875 430.75 429 922 130 911 143
461.75 462.5 461 953 130 952 136
15.2568359375 21.9296875 8.583984375 503 132 502 181
295.0625 296.125 294 790 136 789 166
332.5 333 332 825 136 822 182
433.875 434.75 433 925 136 910 166
460.875 461.75 460 952 136 951 143
166.8125 168.75 164.875 665 136 664 144
81.1501159667969 86.5853881835938 75.71484375 566 136 552 148
485.359375 486.96875 483.75 973 136 965 256
51.5 52 51 549 142 548 143
68.5 69 68 565 142 563 143
50.75 51.5 50 548 143 501 182
362.5 363 362 856 143 855 152
384.5 385 384 879 143 878 258
459.9375 460.875 459 951 143 950 160
67.5 68.5 66.5 563 143 562 144
427.01171875 429.875 424.1484375 911 143 910 166
66.25 67.5 65 562 144 555 145
169.34375 171.875 166.8125 664 144 663 186
63.734375 66.25 61.21875 555 145 554 146
39.4765625 40.953125 38 537 146 531 179
60.3671875 63.734375 57 554 146 553 147
58.18359375 60.3671875 56 553 147 552 148
188.5 189 188 684 147 683 225
69.6668548583985 81.1501159667969 58.18359375 552 148 498 186
199.875 201.25 198.5 693 149 687 190
364.5 365 364 857 150 855 152
410.5 411 410 901 152 900 153
363.5 364.5 362.5 855 152 854 153
213.5 214 213 708 153 707 154
409.75 410.5 409 900 153 899 202
365 366.5 363.5 854 153 853 160
119.75 120.5 119 615 154 610 155
212.75 213.5 212 707 154 706 155
117.34375 119.75 114.9375 610 155 609 156
216.662048339844 220.574096679688 212.75 706 155 701 156
212.893524169922 216.662048339844 209.125 701 156 699 157
121.415954589844 125.488159179688 117.34375 609 156 605 167
209.196762084961 212.893524169922 205.5 699 157 658 228
160.5 161 160 656 160 655 216
458.96875 459.9375 458 950 160 949 309
367.421875 369.84375 365 853 160 850 184
477.875 478.75 477 969 163 968 210
110.875 111.75 110 606 166 605 167
298.40625 301.75 295.0625 789 166 788 178
430.443359375 433.875 427.01171875 910 166 909 176
116.145477294922 121.415954589844 110.875 605 167 604 168
112.572738647461 116.145477294922 109 604 168 603 169
110.28636932373 112.572738647461 108 603 169 497 214
292.5 293 292 786 172 758 210
271.484375 273.75 269.21875 765 173 764 174
274.1171875 276.75 271.484375 764 174 763 176
269.55859375 274.1171875 265 763 176 762 182
423.7216796875 430.443359375 417 909 176 908 289
360.5 361 360 852 178 851 183
34.6875 36.5 32.875 532 178 531 179
301.578125 304.75 298.40625 788 178 787 201
330.5 331 330 824 179 823 180
37.08203125 39.4765625 34.6875 531 179 529 180
329.75 330.5 329 823 180 822 182
33.791015625 37.08203125 30.5 529 180 502 181
342.68359375 344.3671875 341 833 181 828 218
24.52392578125 33.791015625 15.2568359375 502 181 501 182
180.5 181 180 678 182 662 197
182.5 183 182 680 182 679 191
274.748046875 279.9375 269.55859375 762 182 761 200
331.125 332.5 329.75 822 182 821 196
37.636962890625 50.75 24.52392578125 501 182 500 183
176.5 177 176 676 183 675 184
359.75 360.5 359 851 183 850 184
45.6934814453125 53.75 37.636962890625 500 183 499 184
23.8467407226562 45.6934814453125 2 499 184 498 186
177.5 178.5 176.5 675 184 674 185
363.5859375 367.421875 359.75 850 184 849 185
176.25 177.5 175 674 185 663 186
360.79296875 363.5859375 358 849 185 848 186
290.5 291 290 785 186 760 204
358.896484375 360.79296875 357 848 186 847 187
172.796875 176.25 169.34375 663 186 662 197
46.7567977905273 69.6668548583985 23.8467407226562 498 186 497 214
357.4482421875 358.896484375 356 847 187 844 210
456.5 457 456 947 187 938 299
251.5 252.5 250.5 746 188 745 197
196.5 199.875 193.125 687 190 685 191
183.625 184.75 182.5 679 191 661 225
193.5 196.5 190.5 685 191 659 227
329.5625 331.125 328 821 196 820 247
402.5 403 402 894 196 893 197
250.25 251.5 249 745 197 744 214
401.75 402.5 401 893 197 892 242
176.6484375 180.5 172.796875 662 197 661 225
279.8583984375 284.96875 274.748046875 761 200 760 204
304.811340332031 308.044555664062 301.578125 787 201 757 227
256.5 257 256 751 202 750 240
408.875 409.75 408 899 202 897 240
285.17919921875 290.5 279.8583984375 760 204 759 205
274.589599609375 285.17919921875 264 759 205 758 210
258.5 259 258 752 207 750 240
353.75 354.5 353 845 209 844 210
448.5 449 448 942 210 941 250
479.6875 481.5 477.875 968 210 967 214
283.544799804688 292.5 274.589599609375 758 210 757 227
355.59912109375 357.4482421875 353.75 844 210 843 211
353.799560546875 355.59912109375 352 843 211 492 323
394.5 395 394 887 213 886 264
249.125 250.25 248 744 214 743 236
477.84375 479.6875 476 967 214 966 223
78.5215835571287 110.28636932373 46.7567977905273 497 214 496 234
162.5 163 162 657 215 655 216
161.5 162.5 160.5 655 216 654 229
377.875 378.75 377 869 218 868 320
339.966796875 342.68359375 337.25 828 218 826 242
476.421875 477.84375 475 966 223 965 256
187.75 188.5 187 683 225 660 226
180.13671875 183.625 176.6484375 661 225 660 226
183.943359375 187.75 180.13671875 660 226 659 227
188.7216796875 193.5 183.943359375 659 227 658 228
294.178070068359 304.811340332031 283.544799804688 757 227 753 232
198.95922088623 209.196762084961 188.7216796875 658 228 654 229
262.5 263 262 756 229 755 230
439.3671875 440.734375 438 929 229 928 239
180.229610443115 198.95922088623 161.5 654 229 651 231
261.75 262.5 261 755 230 754 231
260.875 261.75 260 754 231 753 232
396.5 397 396 888 231 886 264
168.989805221558 180.229610443115 157.75 651 231 496 234
277.526535034179 294.178070068359 260.875 753 232 741 242
123.755694389343 168.989805221558 78.5215835571287 496 234 495 235
62.3778471946715 123.755694389343 1 495 235 494 250
254.5 255 254 749 235 743 236
251.8125 254.5 249.125 743 236 742 241
438.18359375 439.3671875 437 928 239 908 289
407.6875 408.875 406.5 897 240 895 241
257.5 258.5 256.5 750 240 742 241
334.5 335 334 827 241 826 242
406.09375 407.6875 404.5 895 241 892 242
254.65625 257.5 251.8125 742 241 741 242
403.921875 406.09375 401.75 892 242 891 246
337.2333984375 339.966796875 334.5 826 242 820 247
266.09139251709 277.526535034179 254.65625 741 242 494 250
401.9609375 403.921875 400 891 246 889 251
333.39794921875 337.2333984375 329.5625 820 247 493 254
447.75 448.5 447 941 250 940 296
164.234619855881 266.09139251709 62.3778471946715 494 250 493 254
400.23046875 401.9609375 398.5 889 251 883 268
382.5 383 382 874 253 873 306
248.816284537315 333.39794921875 164.234619855881 493 254 492 323
480.890625 485.359375 476.421875 965 256 963 265
385.5 386.5 384.5 878 258 877 267
473.5 474 473 964 264 963 265
395.5 396.5 394.5 886 264 885 265
394.25 395.5 393 885 265 884 267
477.1953125 480.890625 473.5 963 265 956 276
393.125 394.25 392 884 267 883 268
469.5 470 469 961 267 959 269
387 388.5 385.5 877 267 876 299
396.677734375 400.23046875 393.125 883 268 875 305
413.5 414 413 904 269 903 320
468.5 469.5 467.5 959 269 958 272
471.5 472 471 962 271 958 272
470 471.5 468.5 958 272 957 274
468 470 466 957 274 956 276
472.59765625 477.1953125 468 956 276 948 311
464.5 465 464 955 279 949 309
430.95263671875 438.18359375 423.7216796875 908 289 907 292
454.5 455 454 946 291 945 293
423.476318359375 430.95263671875 416 907 292 906 296
451.5 452 451 944 292 943 295
453.75 454.5 453 945 293 939 297
450.75 451.5 450 943 295 940 296
419.238159179688 423.476318359375 415 906 296 905 319
449.25 450.75 447.75 940 296 939 297
451.5 453.75 449.25 939 297 938 299
390.5 391 390 882 298 876 299
454 456.5 451.5 938 299 937 318
388.75 390.5 387 876 299 875 305
392.7138671875 396.677734375 388.75 875 305 873 306
387.60693359375 392.7138671875 382.5 873 306 872 312
461.734375 464.5 458.96875 949 309 948 311
467.166015625 472.59765625 461.734375 948 311 937 318
384.303466796875 387.60693359375 381 872 312 868 320
460.5830078125 467.166015625 454 937 318 905 319
439.910583496094 460.5830078125 419.238159179688 905 319 903 320
381.089233398438 384.303466796875 377.875 868 320 867 322
426.705291748047 439.910583496094 413.5 903 320 902 321
419.352645874023 426.705291748047 412 902 321 867 322
400.22093963623 419.352645874023 381.089233398438 867 322 492 323
334.27892824014 400.22093963623 248.816284537315 492 323 0 665
