"mean_seq" "max_seq" "min_seq" "seq_or_node" "level" "mother_node" "mother_level"
1 1 1 1 44 403 191
2 2 2 2 44 378 154
3 3 3 3 44 377 93
4 4 4 4 44 653 78
5 5 5 5 44 653 78
6 6 6 6 44 653 78
7 7 7 7 44 654 45
8 8 8 8 44 654 45
9 9 9 9 44 380 110
10 10 10 10 44 381 104
11 11 11 11 44 382 100
12 12 12 12 44 383 98
13 13 13 13 44 387 45
14 14 14 14 44 387 45
15 15 15 15 44 387 45
16 16 16 16 44 387 45
17 17 17 17 44 389 45
18 18 18 18 44 389 45
19 19 19 19 44 390 86
20 20 20 20 44 392 84
21 21 21 21 44 393 45
22 22 22 22 44 393 45
23 23 23 23 44 394 84
24 24 24 24 44 394 84
25 25 25 25 44 396 51
26 26 26 26 44 396 51
27 27 27 27 44 397 70
28 28 28 28 44 397 70
29 29 29 29 44 398 45
30 30 30 30 44 398 45
31 31 31 31 44 651 93
32 32 32 32 44 652 45
33 33 33 33 44 652 45
34 34 34 34 44 649 83
35 35 35 35 44 650 82
36 36 36 36 44 650 82
37 37 37 37 44 646 171
38 38 38 38 44 647 162
39 39 39 39 44 648 154
40 40 40 40 44 648 154
41 41 41 41 44 644 189
42 42 42 42 44 645 175
43 43 43 43 44 645 175
44 44 44 44 44 410 146
45 45 45 45 44 411 145
46 46 46 46 44 411 145
47 47 47 47 44 411 145
48 48 48 48 44 414 138
49 49 49 49 44 419 56
50 50 50 50 44 419 56
51 51 51 51 44 419 56
52 52 52 52 44 419 56
53 53 53 53 44 419 56
54 54 54 54 44 419 56
55 55 55 55 44 419 56
56 56 56 56 44 419 56
57 57 57 57 44 419 56
58 58 58 58 44 419 56
59 59 59 59 44 419 56
60 60 60 60 44 419 56
61 61 61 61 44 419 56
62 62 62 62 44 419 56
63 63 63 63 44 420 55
64 64 64 64 44 420 55
65 65 65 65 44 421 55
66 66 66 66 44 421 55
67 67 67 67 44 422 45
68 68 68 68 44 422 45
69 69 69 69 44 424 74
70 70 70 70 44 424 74
71 71 71 71 44 425 45
72 72 72 72 44 425 45
73 73 73 73 44 426 45
74 74 74 74 44 427 44
75 75 75 75 44 427 44
76 76 76 76 44 427 44
77 77 77 77 44 427 44
78 78 78 78 44 427 44
79 79 79 79 44 427 44
80 80 80 80 44 427 44
81 81 81 81 44 427 44
82 82 82 82 44 427 44
83 83 83 83 44 428 104
84 84 84 84 44 429 46
85 85 85 85 44 430 45
86 86 86 86 44 430 45
87 87 87 87 44 431 44
88 88 88 88 44 431 44
89 89 89 89 44 432 45
90 90 90 90 44 432 45
91 91 91 91 44 432 45
92 92 92 92 44 432 45
93 93 93 93 44 432 45
94 94 94 94 44 432 45
95 95 95 95 44 433 45
96 96 96 96 44 433 45
97 97 97 97 44 435 45
98 98 98 98 44 436 44
99 99 99 99 44 436 44
100 100 100 100 44 436 44
101 101 101 101 44 436 44
102 102 102 102 44 437 106
103 103 103 103 44 438 105
104 104 104 104 44 440 45
105 105 105 105 44 440 45
106 106 106 106 44 441 45
107 107 107 107 44 441 45
108 108 108 108 44 444 82
109 109 109 109 44 445 45
110 110 110 110 44 445 45
111 111 111 111 44 446 90
112 112 112 112 44 446 90
113 113 113 113 44 447 65
114 114 114 114 44 447 65
115 115 115 115 44 451 65
116 116 116 116 44 454 45
117 117 117 117 44 455 44
118 118 118 118 44 455 44
119 119 119 119 44 456 45
120 120 120 120 44 456 45
121 121 121 121 44 457 45
122 122 122 122 44 457 45
123 123 123 123 44 458 48
124 124 124 124 44 459 45
125 125 125 125 44 459 45
126 126 126 126 44 459 45
127 127 127 127 44 459 45
128 128 128 128 44 459 45
129 129 129 129 44 459 45
130 130 130 130 44 459 45
131 131 131 131 44 460 185
132 132 132 132 44 466 86
133 133 133 133 44 466 86
134 134 134 134 44 466 86
135 135 135 135 44 466 86
136 136 136 136 44 467 45
137 137 137 137 44 467 45
138 138 138 138 44 468 45
139 139 139 139 44 468 45
140 140 140 140 44 469 45
141 141 141 141 44 469 45
142 142 142 142 44 471 89
143 143 143 143 44 473 79
144 144 144 144 44 474 78
145 145 145 145 44 475 67
146 146 146 146 44 476 45
147 147 147 147 44 477 44
148 148 148 148 44 477 44
149 149 149 149 44 478 87
150 150 150 150 44 478 87
151 151 151 151 44 480 60
152 152 152 152 44 480 60
153 153 153 153 44 480 60
154 154 154 154 44 480 60
155 155 155 155 44 481 53
156 156 156 156 44 481 53
157 157 157 157 44 481 53
158 158 158 158 44 481 53
159 159 159 159 44 483 148
160 160 160 160 44 483 148
161 161 161 161 44 484 90
162 162 162 162 44 484 90
163 163 163 163 44 485 157
164 164 164 164 44 487 65
165 165 165 165 44 488 61
166 166 166 166 44 489 57
167 167 167 167 44 491 51
168 168 168 168 44 492 50
169 169 169 169 44 492 50
170 170 170 170 44 492 50
171 171 171 171 44 492 50
172 172 172 172 44 492 50
173 173 173 173 44 492 50
174 174 174 174 44 493 45
175 175 175 175 44 493 45
176 176 176 176 44 493 45
177 177 177 177 44 493 45
178 178 178 178 44 493 45
179 179 179 179 44 493 45
180 180 180 180 44 493 45
181 181 181 181 44 493 45
182 182 182 182 44 494 45
183 183 183 183 44 494 45
184 184 184 184 44 495 45
185 185 185 185 44 495 45
186 186 186 186 44 495 45
187 187 187 187 44 495 45
188 188 188 188 44 495 45
189 189 189 189 44 496 74
190 190 190 190 44 496 74
191 191 191 191 44 498 52
192 192 192 192 44 499 51
193 193 193 193 44 500 50
194 194 194 194 44 500 50
195 195 195 195 44 502 45
196 196 196 196 44 502 45
197 197 197 197 44 503 90
198 198 198 198 44 503 90
199 199 199 199 44 506 85
200 200 200 200 44 507 84
201 201 201 201 44 507 84
202 202 202 202 44 507 84
203 203 203 203 44 507 84
204 204 204 204 44 507 84
205 205 205 205 44 507 84
206 206 206 206 44 507 84
207 207 207 207 44 510 45
208 208 208 208 44 510 45
209 209 209 209 44 510 45
210 210 210 210 44 510 45
211 211 211 211 44 510 45
212 212 212 212 44 510 45
213 213 213 213 44 510 45
214 214 214 214 44 510 45
215 215 215 215 44 510 45
216 216 216 216 44 511 45
217 217 217 217 44 511 45
218 218 218 218 44 511 45
219 219 219 219 44 511 45
220 220 220 220 44 511 45
221 221 221 221 44 511 45
222 222 222 222 44 511 45
223 223 223 223 44 512 45
224 224 224 224 44 512 45
225 225 225 225 44 513 57
226 226 226 226 44 514 56
227 227 227 227 44 514 56
228 228 228 228 44 515 78
229 229 229 229 44 515 78
230 230 230 230 44 515 78
231 231 231 231 44 516 58
232 232 232 232 44 517 56
233 233 233 233 44 518 45
234 234 234 234 44 518 45
235 235 235 235 44 520 51
236 236 236 236 44 521 50
237 237 237 237 44 521 50
238 238 238 238 44 521 50
239 239 239 239 44 521 50
240 240 240 240 44 521 50
241 241 241 241 44 522 51
242 242 242 242 44 522 51
243 243 243 243 44 523 45
244 244 244 244 44 523 45
245 245 245 245 44 525 165
246 246 246 246 44 525 165
247 247 247 247 44 526 79
248 248 248 248 44 527 78
249 249 249 249 44 527 78
250 250 250 250 44 527 78
251 251 251 251 44 527 78
252 252 252 252 44 533 201
253 253 253 253 44 535 90
254 254 254 254 44 536 84
255 255 255 255 44 538 78
256 256 256 256 44 538 78
257 257 257 257 44 539 78
258 258 258 258 44 539 78
259 259 259 259 44 540 128
260 260 260 260 44 541 78
261 261 261 261 44 542 45
262 262 262 262 44 542 45
263 263 263 263 44 543 223
264 264 264 264 44 544 97
265 265 265 265 44 544 97
266 266 266 266 44 545 70
267 267 267 267 44 546 65
268 268 268 268 44 546 65
269 269 269 269 44 550 93
270 270 270 270 44 551 90
271 271 271 271 44 551 90
272 272 272 272 44 552 52
273 273 273 273 44 553 51
274 274 274 274 44 553 51
275 275 275 275 44 555 76
276 276 276 276 44 556 45
277 277 277 277 44 557 44
278 278 278 278 44 557 44
279 279 279 279 44 558 51
280 280 280 280 44 558 51
281 281 281 281 44 558 51
282 282 282 282 44 559 82
283 283 283 283 44 560 51
284 284 284 284 44 560 51
285 285 285 285 44 561 45
286 286 286 286 44 561 45
287 287 287 287 44 562 84
288 288 288 288 44 563 83
289 289 289 289 44 564 82
290 290 290 290 44 565 70
291 291 291 291 44 565 70
292 292 292 292 44 566 194
293 293 293 293 44 566 194
294 294 294 294 44 569 153
295 295 295 295 44 570 97
296 296 296 296 44 571 95
297 297 297 297 44 572 94
298 298 298 298 44 573 93
299 299 299 299 44 574 90
300 300 300 300 44 574 90
301 301 301 301 44 575 61
302 302 302 302 44 575 61
303 303 303 303 44 576 175
304 304 304 304 44 577 174
305 305 305 305 44 578 173
306 306 306 306 44 579 45
307 307 307 307 44 579 45
308 308 308 308 44 580 227
309 309 309 309 44 581 206
310 310 310 310 44 581 206
311 311 311 311 44 583 201
312 312 312 312 44 583 201
313 313 313 313 44 584 169
314 314 314 314 44 584 169
315 315 315 315 44 642 185
316 316 316 316 44 642 185
317 317 317 317 44 643 245
318 318 318 318 44 643 245
319 319 319 319 44 587 209
320 320 320 320 44 589 176
321 321 321 321 44 590 171
322 322 322 322 44 591 170
323 323 323 323 44 592 169
324 324 324 324 44 597 97
325 325 325 325 44 598 74
326 326 326 326 44 598 74
327 327 327 327 44 600 45
328 328 328 328 44 601 44
329 329 329 329 44 601 44
330 330 330 330 44 602 45
331 331 331 331 44 602 45
332 332 332 332 44 603 45
333 333 333 333 44 603 45
334 334 334 334 44 604 166
335 335 335 335 44 606 114
336 336 336 336 44 606 114
337 337 337 337 44 607 164
338 338 338 338 44 607 164
339 339 339 339 44 608 167
340 340 340 340 44 608 167
341 341 341 341 44 609 207
342 342 342 342 44 610 51
343 343 343 343 44 610 51
344 344 344 344 44 611 46
345 345 345 345 44 612 45
346 346 346 346 44 612 45
347 347 347 347 44 614 277
348 348 348 348 44 619 45
349 349 349 349 44 619 45
350 350 350 350 44 623 210
351 351 351 351 44 624 45
352 352 352 352 44 624 45
353 353 353 353 44 625 157
354 354 354 354 44 625 157
355 355 355 355 44 626 45
356 356 356 356 44 626 45
357 357 357 357 44 627 177
358 358 358 358 44 628 141
359 359 359 359 44 629 135
360 360 360 360 44 629 135
361 361 361 361 44 630 225
362 362 362 362 44 632 170
363 363 363 363 44 632 170
364 364 364 364 44 633 219
365 365 365 365 44 633 219
366 366 366 366 44 635 268
367 367 367 367 44 635 268
368 368 368 368 44 637 45
369 369 369 369 44 637 45
370 370 370 370 44 638 45
371 371 371 371 44 638 45
372 372 372 372 44 639 240
373 373 373 373 44 639 240
374 374 374 374 44 640 305
375 375 375 375 44 640 305
78 82 74 427 44 426 45
87.5 88 87 431 44 430 45
99.5 101 98 436 44 435 45
117.5 118 117 455 44 454 45
147.5 148 147 477 44 476 45
277.5 278 277 557 44 556 45
328.5 329 328 601 44 600 45
7.5 8 7 654 45 653 78
14.5 16 13 387 45 386 89
17.5 18 17 389 45 388 87
21.5 22 21 393 45 392 84
29.5 30 29 398 45 384 97
32.5 33 32 652 45 651 93
67.5 68 67 422 45 418 57
71.5 72 71 425 45 423 75
75.5 78 73 426 45 416 93
86.1666666666667 87.5 85 430 45 429 46
91.5 94 89 432 45 428 104
95.5 96 95 433 45 414 138
98.25 99.5 97 435 45 434 107
104.5 105 104 440 45 439 104
106.5 107 106 441 45 439 104
109.5 110 109 445 45 444 82
116.75 117.5 116 454 45 453 51
119.5 120 119 456 45 453 51
121.5 122 121 457 45 452 56
127 130 124 459 45 458 48
136.5 137 136 467 45 466 86
138.5 139 138 468 45 465 87
140.5 141 140 469 45 464 88
146.75 147.5 146 476 45 475 67
177.5 181 174 493 45 492 50
182.5 183 182 494 45 490 56
186 188 184 495 45 486 156
195.5 196 195 502 45 501 122
211 215 207 510 45 509 82
219 222 216 511 45 509 82
223.5 224 223 512 45 509 82
233.5 234 233 518 45 517 56
243.5 244 243 523 45 505 86
261.5 262 261 542 45 541 78
276.75 277.5 276 556 45 555 76
285.5 286 285 561 45 549 97
306.5 307 306 579 45 578 173
327.75 328.5 327 600 45 599 70
330.5 331 330 602 45 599 70
332.5 333 332 603 45 595 126
345.5 346 345 612 45 611 46
348.5 349 348 619 45 618 223
351.5 352 351 624 45 623 210
355.5 356 355 626 45 621 221
368.5 369 368 637 45 636 264
370.5 371 370 638 45 636 264
85.0833333333333 86.1666666666667 84 429 46 428 104
344.75 345.5 344 611 46 376 307
125 127 123 458 48 450 196
171.5 177.5 168 492 50 491 51
193.5 194 193 500 50 499 51
238 240 236 521 50 520 51
25.5 26 25 396 51 395 72
169.25 171.5 167 491 51 490 56
192.75 193.5 192 499 51 498 52
236.5 238 235 520 51 519 65
241.5 242 241 522 51 519 65
273.5 274 273 553 51 552 52
280 281 279 558 51 554 86
283.5 284 283 560 51 559 82
342.5 343 342 610 51 609 207
118.125 119.5 116.75 453 51 452 56
191.875 192.75 191 498 52 497 187
272.75 273.5 272 552 52 551 90
156.5 158 155 481 53 479 61
63.5 64 63 420 55 419 56
65.5 66 65 421 55 419 56
56.625 65.5 49 419 56 418 57
226.5 227 226 514 56 513 57
232.75 233.5 232 517 56 516 58
119.8125 121.5 118.125 452 56 451 65
175.875 182.5 169.25 490 56 489 57
170.9375 175.875 166 489 57 488 61
225.75 226.5 225 513 57 509 82
62.0625 67.5 56.625 418 57 417 76
231.875 232.75 231 516 58 507 84
152.5 154 151 480 60 479 61
167.96875 170.9375 165 488 61 487 65
301.5 302 301 575 61 568 154
154.5 156.5 152.5 479 61 470 115
113.5 114 113 447 65 442 111
117.40625 119.8125 115 451 65 450 196
165.984375 167.96875 164 487 65 486 156
267.5 268 267 546 65 545 70
239 241.5 236.5 519 65 507 84
145.875 146.75 145 475 67 474 78
27.5 28 27 397 70 395 72
266.75 267.5 266 545 70 531 225
290.5 291 290 565 70 564 82
329.125 330.5 327.75 599 70 596 123
26.5 27.5 25.5 395 72 385 96
69.5 70 69 424 74 423 75
189.5 190 189 496 74 448 199
325.5 326 325 598 74 597 97
70.5 71.5 69.5 423 75 417 76
275.875 276.75 275 555 76 554 86
66.28125 70.5 62.0625 417 76 416 93
5.625 7.5 4 653 78 377 93
144.9375 145.875 144 474 78 473 79
229 230 228 515 78 508 83
249.5 251 248 527 78 526 79
255.5 256 255 538 78 537 82
257.5 258 257 539 78 537 82
260.75 261.5 260 541 78 540 128
143.96875 144.9375 143 473 79 472 88
248.25 249.5 247 526 79 524 166
35.5 36 35 650 82 649 83
108.75 109.5 108 444 82 443 110
282.75 283.5 282 559 82 551 90
289.75 290.5 289 564 82 563 83
219.8125 225.75 211 509 82 508 83
256.5 257.5 255.5 537 82 536 84
34.75 35.5 34 649 83 400 175
288.875 289.75 288 563 83 562 84
224.40625 229 219.8125 508 83 507 84
20.75 21.5 20 392 84 391 85
23.5 24 23 394 84 391 85
211.628125 239 200 507 84 506 85
255.25 256.5 254 536 84 535 90
287.9375 288.875 287 562 84 548 179
205.3140625 211.628125 199 506 85 505 86
22.125 23.5 20.75 391 85 390 86
20.5625 22.125 19 390 86 388 87
134.1 136.5 132 466 86 465 87
224.40703125 243.5 205.3140625 505 86 504 167
277.9375 280 275.875 554 86 551 90
149.5 150 149 478 87 472 88
19.03125 20.5625 17.5 388 87 386 89
136.3 138.5 134.1 465 87 464 88
138.4 140.5 136.3 464 88 463 129
146.734375 149.5 143.96875 472 88 471 89
144.3671875 146.734375 142 471 89 470 115
16.765625 19.03125 14.5 386 89 385 96
111.5 112 111 446 90 443 110
161.5 162 161 484 90 482 149
197.5 198 197 503 90 501 122
254.125 255.25 253 535 90 534 192
274.8875 282.75 270 551 90 550 93
299.5 300 299 574 90 573 93
4.3125 5.625 3 377 93 378 154
31.75 32.5 31 651 93 399 170
271.94375 274.8875 269 550 93 549 97
298.75 299.5 298 573 93 572 94
70.890625 75.5 66.28125 416 93 415 137
297.875 298.75 297 572 94 571 95
296.9375 297.875 296 571 95 570 97
21.6328125 26.5 16.765625 385 96 384 97
264.5 265 264 544 97 543 223
295.96875 296.9375 295 570 97 569 153
324.75 325.5 324 597 97 596 123
25.56640625 29.5 21.6328125 384 97 383 98
278.721875 285.5 271.94375 549 97 548 179
18.783203125 25.56640625 12 383 98 382 100
14.8916015625 18.783203125 11 382 100 381 104
12.44580078125 14.8916015625 10 381 104 380 110
86.5277777777778 91.5 83 428 104 415 137
105.5 106.5 104.5 439 104 438 105
104.25 105.5 103 438 105 437 106
103.125 104.25 102 437 106 434 107
100.6875 103.125 98.25 434 107 413 139
10.722900390625 12.44580078125 9 380 110 379 157
110.125 111.5 108.75 443 110 442 111
111.8125 113.5 110.125 442 111 412 144
335.5 336 335 606 114 605 165
149.43359375 154.5 144.3671875 470 115 463 129
196.5 197.5 195.5 501 122 497 187
326.9375 329.125 324.75 596 123 595 126
329.71875 332.5 326.9375 595 126 594 167
259.875 260.75 259 540 128 534 192
143.916796875 149.43359375 138.4 463 129 462 150
359.5 360 359 629 135 628 141
78.7092013888889 86.5277777777778 70.890625 415 137 414 138
74.0697337962963 95.5 48 414 138 413 139
87.3786168981482 100.6875 74.0697337962963 413 139 412 144
358.75 359.5 358 628 141 627 177
99.5955584490741 111.8125 87.3786168981482 412 144 411 145
59.3988896122685 99.5955584490741 45 411 145 410 146
51.6994448061343 59.3988896122685 44 410 146 409 205
159.5 160 159 483 148 482 149
160.5 161.5 159.5 482 149 462 150
152.2083984375 160.5 143.916796875 462 150 461 184
294.984375 295.96875 294 569 153 568 154
3.15625 4.3125 2 378 154 379 157
39.5 40 39 648 154 647 162
298.2421875 301.5 294.984375 568 154 567 176
175.9921875 186 165.984375 486 156 485 157
169.49609375 175.9921875 163 485 157 461 184
353.5 354 353 625 157 622 212
6.9395751953125 10.722900390625 3.15625 379 157 399 170
38.75 39.5 38 647 162 646 171
337.5 338 337 607 164 605 165
245.5 246 245 525 165 524 166
336.5 337.5 335.5 605 165 604 166
335.25 336.5 334 604 166 594 167
246.875 248.25 245.5 524 166 504 167
339.5 340 339 608 167 593 168
235.641015625 246.875 224.40703125 504 167 407 223
332.484375 335.25 329.71875 594 167 593 168
335.9921875 339.5 332.484375 593 168 592 169
313.5 314 313 584 169 582 228
329.49609375 335.9921875 323 592 169 591 170
325.748046875 329.49609375 322 591 170 590 171
362.5 363 362 632 170 631 224
19.3447875976562 31.75 6.9395751953125 399 170 400 175
37.875 38.75 37 646 171 401 187
323.3740234375 325.748046875 321 590 171 589 176
305.75 306.5 305 578 173 577 174
304.875 305.75 304 577 174 576 175
42.5 43 42 645 175 644 189
303.9375 304.875 303 576 175 567 176
27.0473937988281 34.75 19.3447875976562 400 175 401 187
321.68701171875 323.3740234375 320 589 176 588 208
301.08984375 303.9375 298.2421875 567 176 529 227
357.875 358.75 357 627 177 620 222
283.3296875 287.9375 278.721875 548 179 547 195
160.85224609375 169.49609375 152.2083984375 461 184 460 185
145.926123046875 160.85224609375 131 460 185 449 197
315.5 316 315 642 185 641 246
194.1875 196.5 191.875 497 187 408 206
32.461196899414 37.875 27.0473937988281 401 187 402 190
41.75 42.5 41 644 189 402 190
37.105598449707 41.75 32.461196899414 402 190 403 191
19.0527992248535 37.105598449707 1 403 191 404 279
257 259.875 254.125 534 192 533 201
292.5 293 292 566 194 547 195
287.91484375 292.5 283.3296875 547 195 530 226
121.203125 125 117.40625 450 196 449 197
133.564624023437 145.926123046875 121.203125 449 197 448 199
161.532312011718 189.5 133.564624023437 448 199 409 205
254.5 257 252 533 201 532 224
311.5 312 311 583 201 582 228
106.615878408926 161.532312011718 51.6994448061343 409 205 408 206
309.5 310 309 581 206 580 227
150.401689204463 194.1875 106.615878408926 408 206 407 223
341.75 342.5 341 609 207 588 208
331.718505859375 341.75 321.68701171875 588 208 587 209
325.359252929688 331.718505859375 319 587 209 586 286
350.75 351.5 350 623 210 622 212
352.125 353.5 350.75 622 212 621 221
364.5 365 364 633 219 631 224
353.8125 355.5 352.125 621 221 620 222
355.84375 357.875 353.8125 620 222 618 223
263.75 264.5 263 543 223 532 224
352.171875 355.84375 348.5 618 223 617 229
193.021352414731 235.641015625 150.401689204463 407 223 406 229
363.5 364.5 362.5 631 224 630 225
259.125 263.75 254.5 532 224 531 225
362.25 363.5 361 630 225 617 229
262.9375 266.75 259.125 531 225 530 226
275.426171875 287.91484375 262.9375 530 226 529 227
308.75 309.5 308 580 227 528 228
288.2580078125 301.08984375 275.426171875 529 227 528 228
312.5 313.5 311.5 582 228 405 271
298.50400390625 308.75 288.2580078125 528 228 406 229
357.2109375 362.25 352.171875 617 229 616 270
245.762678160491 298.50400390625 193.021352414731 406 229 405 271
372.5 373 372 639 240 615 275
317.5 318 317 643 245 641 246
316.5 317.5 315.5 641 246 585 281
369.5 370.5 368.5 636 264 634 269
366.5 367 366 635 268 634 269
368 369.5 366.5 634 269 616 270
362.60546875 368 357.2109375 616 270 615 275
279.131339080245 312.5 245.762678160491 405 271 404 279
367.552734375 372.5 362.60546875 615 275 614 277
357.2763671875 367.552734375 347 614 277 613 306
149.092069152549 279.131339080245 19.0527992248535 404 279 585 281
232.796034576275 316.5 149.092069152549 585 281 586 286
279.077643752981 325.359252929688 232.796034576275 586 286 376 307
374.5 375 374 640 305 613 306
365.88818359375 374.5 357.2763671875 613 306 376 307
